captureTimestamp,captureDateTime,captureRevision,statePostal,reportingunitID,reportingunitLevel,pollClosingTime,level,fipsCode,electTotal,lastUpdated,precinctsReporting,eevp,precinctsTotal,precinctsReportingPct,candidates.0.candidateID,candidates.0.voteCount,candidates.0.votePct,candidates.1.candidateID,candidates.1.voteCount,candidates.1.votePct,candidates.2.candidateID,candidates.2.voteCount,candidates.2.votePct,parameters.vote.expected.actual,parameters.vote.expected.eevpCap,parameters.vote.total,parameters.vote.registered,parameters.precinctsReportingActual,parameters.precinctsReportingProportional
1667886761,2022-11-08 05:52:41 +0000,454ce019f86614717daba988180b8577e032630f,IL,17001,2,2022-11-09T00:00:00.000Z,FIPSCode,17001,0,2022-11-07T16:40:17.214Z,0,0.0,74,0,27777,0,0.0,29197,0,0.0,29588,0,0.0,25613,99,0,46324,0,0
1667944347,2022-11-08 21:52:27 +0000,05a3e91e497cb8d3251b3f2f481fd479b6ed8cc7,IL,17001,2,2022-11-09T01:00:00.000Z,FIPSCode,17001,0,2022-11-08T19:03:13.822Z,0,0.0,74,0,27777,0,0.0,29197,0,0.0,29588,0,0.0,25386,99,0,46324,0,0
1667949842,2022-11-08 23:24:02 +0000,e733c733b3b3c33f13905f9501db69cb94a55a64,IL,17001,2,2022-11-09T01:00:00.000Z,FIPSCode,17001,0,2022-11-08T19:03:13.822Z,0,0.0,74,0,27777,0,0.0,29197,0,0.0,29588,0,0.0,25386,99,0,46324,0,0
1667950106,2022-11-08 23:28:26 +0000,03bd9b09dc6ae9d95766d3877a273fc07c395a68,IL,17001,2,2022-11-09T01:00:00.000Z,FIPSCode,17001,0,2022-11-08T19:03:13.822Z,0,0.0,74,0,27777,0,0.0,29197,0,0.0,29588,0,0.0,25386,99,0,46324,0,0
1667950369,2022-11-08 23:32:49 +0000,88781f78b51366cb56dbc8603a43b441a541be7f,IL,17001,2,2022-11-09T01:00:00.000Z,FIPSCode,17001,0,2022-11-08T19:03:13.822Z,0,0.0,74,0,27777,0,0.0,29197,0,0.0,29588,0,0.0,25386,99,0,46324,0,0
1667950634,2022-11-08 23:37:14 +0000,ecdc17be694dba1a9d92600c132ccefe80ac0642,IL,17001,2,2022-11-09T01:00:00.000Z,FIPSCode,17001,0,2022-11-08T19:03:13.822Z,0,0.0,74,0,27777,0,0.0,29197,0,0.0,29588,0,0.0,25386,99,0,46324,0,0
1667950906,2022-11-08 23:41:46 +0000,e16ff5d831c790d2a4ca6ae54f46d1aa82402f94,IL,17001,2,2022-11-09T01:00:00.000Z,FIPSCode,17001,0,2022-11-08T19:03:13.822Z,0,0.0,74,0,27777,0,0.0,29197,0,0.0,29588,0,0.0,25386,99,0,46324,0,0
1667953197,2022-11-09 00:19:57 +0000,4752cb39f35c63d02e72237179350aec6f014171,IL,17001,2,2022-11-09T01:00:00.000Z,FIPSCode,17001,0,2022-11-08T19:03:13.822Z,0,0.0,74,0,27777,0,0.0,29197,0,0.0,29588,0,0.0,25386,99,0,46324,0,0
1667953518,2022-11-09 00:25:18 +0000,c5fd4e03c2339afc5fd044a64f91f261b7e7cfa1,IL,17001,2,2022-11-09T01:00:00.000Z,FIPSCode,17001,0,2022-11-08T19:03:13.822Z,0,0.0,74,0,27777,0,0.0,29197,0,0.0,29588,0,0.0,25386,99,0,46324,0,0
1667955153,2022-11-09 00:52:33 +0000,5dbf5007b88cfdc60ec0e8e538e0df6eb1e86637,IL,17001,2,2022-11-09T01:00:00.000Z,FIPSCode,17001,0,2022-11-08T19:03:13.822Z,0,0.0,74,0,27777,0,0.0,29197,0,0.0,29588,0,0.0,25386,99,0,46324,0,0
1667955702,2022-11-09 01:01:42 +0000,f6f1267e463cf8ecb93583f1dab12bfae681d775,IL,17001,2,2022-11-09T01:00:00.000Z,FIPSCode,17001,0,2022-11-08T19:03:13.822Z,0,0.0,74,0,27777,0,0.0,29197,0,0.0,29588,0,0.0,25386,99,0,46324,0,0
1667956006,2022-11-09 01:06:46 +0000,01cc2f6d0039b2fcb59e03eced60e58dcb253844,IL,17001,2,2022-11-09T01:00:00.000Z,FIPSCode,17001,0,2022-11-09T01:00:05.691Z,0,0.0,74,0,27777,0,0.0,29197,0,0.0,29588,0,0.0,25386,99,0,46324,0,0
1667956272,2022-11-09 01:11:12 +0000,e9730fe8cd073de363599251493da8f113e7bb60,IL,17001,2,2022-11-09T01:00:00.000Z,FIPSCode,17001,0,2022-11-09T01:00:05.691Z,0,0.0,74,0,27777,0,0.0,29197,0,0.0,29588,0,0.0,25386,99,0,46324,0,0
1667956547,2022-11-09 01:15:47 +0000,8138046ce1ccc9e37269480764f23b8c9cec781a,IL,17001,2,2022-11-09T01:00:00.000Z,FIPSCode,17001,0,2022-11-09T01:00:05.691Z,0,0.0,74,0,27777,0,0.0,29197,0,0.0,29588,0,0.0,25386,99,0,46324,0,0
1667956832,2022-11-09 01:20:32 +0000,83b25784602daed92be104db5cf5a6446230f2d5,IL,17001,2,2022-11-09T01:00:00.000Z,FIPSCode,17001,0,2022-11-09T01:00:05.691Z,0,0.0,74,0,27777,0,0.0,29197,0,0.0,29588,0,0.0,25386,99,0,46324,0,0
1667957119,2022-11-09 01:25:19 +0000,6d7ee88678b17ac3babfbeca22c88d840ddf7ac8,IL,17001,2,2022-11-09T01:00:00.000Z,FIPSCode,17001,0,2022-11-09T01:00:05.691Z,0,0.0,74,0,27777,0,0.0,29197,0,0.0,29588,0,0.0,25386,99,0,46324,0,0
1667957430,2022-11-09 01:30:30 +0000,03f90a735487a191903970f5b59ebf51d460c3e0,IL,17001,2,2022-11-09T01:00:00.000Z,FIPSCode,17001,0,2022-11-09T01:00:05.691Z,0,0.0,74,0,27777,0,0.0,29197,0,0.0,29588,0,0.0,25386,99,0,46324,0,0
1667957715,2022-11-09 01:35:15 +0000,97cbc8b93cc842818a0fba948144842c3e8d51f0,IL,17001,2,2022-11-09T01:00:00.000Z,FIPSCode,17001,0,2022-11-09T01:00:05.691Z,0,0.0,74,0,27777,0,0.0,29197,0,0.0,29588,0,0.0,25386,99,0,46324,0,0
1667957993,2022-11-09 01:39:53 +0000,af6b7ce58befb45bf1dd57f93615d5da519d3770,IL,17001,2,2022-11-09T01:00:00.000Z,FIPSCode,17001,0,2022-11-09T01:00:05.691Z,0,0.0,74,0,27777,0,0.0,29197,0,0.0,29588,0,0.0,25386,99,0,46324,0,0
1667958273,2022-11-09 01:44:33 +0000,4199c67ba64ae17927c85a89877c89e59a577ae0,IL,17001,2,2022-11-09T01:00:00.000Z,FIPSCode,17001,0,2022-11-09T01:00:05.691Z,0,0.0,74,0,27777,0,0.0,29197,0,0.0,29588,0,0.0,25386,99,0,46324,0,0
1667958559,2022-11-09 01:49:19 +0000,0a6694bb1cdd9734aff1178f6a5894d33a1a95cc,IL,17001,2,2022-11-09T01:00:00.000Z,FIPSCode,17001,0,2022-11-09T01:00:05.691Z,0,0.0,74,0,27777,0,0.0,29197,0,0.0,29588,0,0.0,25386,99,0,46324,0,0
1667958843,2022-11-09 01:54:03 +0000,cdc0d2ad2c3afd665dd741c97f9de238aafb3cf6,IL,17001,2,2022-11-09T01:00:00.000Z,FIPSCode,17001,0,2022-11-09T01:00:05.691Z,0,0.0,74,0,27777,0,0.0,29197,0,0.0,29588,0,0.0,25386,99,0,46324,0,0
1667959124,2022-11-09 01:58:44 +0000,ebdb2f4efab49b8071a842b145008e58069ff969,IL,17001,2,2022-11-09T01:00:00.000Z,FIPSCode,17001,0,2022-11-09T01:00:05.691Z,0,0.0,74,0,27777,0,0.0,29197,0,0.0,29588,0,0.0,25386,99,0,46324,0,0
1667959410,2022-11-09 02:03:30 +0000,98a277291480f2bee1271d939218798a5aa6ad2a,IL,17001,2,2022-11-09T01:00:00.000Z,FIPSCode,17001,0,2022-11-09T01:00:05.691Z,0,0.0,74,0,27777,0,0.0,29197,0,0.0,29588,0,0.0,25386,99,0,46324,0,0
1667959699,2022-11-09 02:08:19 +0000,204acec220204cf7636f9483a8300da582a314fa,IL,17001,2,2022-11-09T01:00:00.000Z,FIPSCode,17001,0,2022-11-09T01:00:05.691Z,0,0.0,74,0,27777,0,0.0,29197,0,0.0,29588,0,0.0,25386,99,0,46324,0,0
1667959981,2022-11-09 02:13:01 +0000,f7108f15221a3f4ac4310e0ba678593081137a5c,IL,17001,2,2022-11-09T01:00:00.000Z,FIPSCode,17001,0,2022-11-09T01:00:05.691Z,0,0.0,74,0,27777,0,0.0,29197,0,0.0,29588,0,0.0,25386,99,0,46324,0,0
1667960264,2022-11-09 02:17:44 +0000,e239f4bcca07deff3069ebbdd016fa8b8d41d752,IL,17001,2,2022-11-09T01:00:00.000Z,FIPSCode,17001,0,2022-11-09T01:00:05.691Z,0,0.0,74,0,27777,0,0.0,29197,0,0.0,29588,0,0.0,25386,99,0,46324,0,0
1667960540,2022-11-09 02:22:20 +0000,8f457dad835364421624abf7a3b05a9acf49f0bd,IL,17001,2,2022-11-09T01:00:00.000Z,FIPSCode,17001,0,2022-11-09T01:00:05.691Z,0,0.0,74,0,27777,0,0.0,29197,0,0.0,29588,0,0.0,25386,99,0,46324,0,0
1667960816,2022-11-09 02:26:56 +0000,8a1624065b18c7c6c4408259c296b51116c46c3f,IL,17001,2,2022-11-09T01:00:00.000Z,FIPSCode,17001,0,2022-11-09T01:00:05.691Z,0,0.0,74,0,27777,0,0.0,29197,0,0.0,29588,0,0.0,25386,99,0,46324,0,0
1667961093,2022-11-09 02:31:33 +0000,1ec6490691d550bb25c67a95029d41260dad9223,IL,17001,2,2022-11-09T01:00:00.000Z,FIPSCode,17001,0,2022-11-09T01:00:05.691Z,0,0.0,74,0,27777,0,0.0,29197,0,0.0,29588,0,0.0,25386,99,0,46324,0,0
1667961378,2022-11-09 02:36:18 +0000,38867b5c6238941f5844472df77322f71d62b761,IL,17001,2,2022-11-09T01:00:00.000Z,FIPSCode,17001,0,2022-11-09T01:00:05.691Z,0,0.0,74,0,27777,0,0.0,29197,0,0.0,29588,0,0.0,25386,99,0,46324,0,0
1667961709,2022-11-09 02:41:49 +0000,0f04550731ed05e8c23b521fa0b273774c5a4a51,IL,17001,2,2022-11-09T01:00:00.000Z,FIPSCode,17001,0,2022-11-09T01:00:05.691Z,0,0.0,74,0,27777,0,0.0,29197,0,0.0,29588,0,0.0,25386,99,0,46324,0,0
1667961990,2022-11-09 02:46:30 +0000,34fd47cd084122fe0c5fed09f89e8cc11319e728,IL,17001,2,2022-11-09T01:00:00.000Z,FIPSCode,17001,0,2022-11-09T01:00:05.691Z,0,0.0,74,0,27777,0,0.0,29197,0,0.0,29588,0,0.0,25386,99,0,46324,0,0
1667962272,2022-11-09 02:51:12 +0000,22cc2cb364805735e8373437043abe797d3cbbf4,IL,17001,2,2022-11-09T01:00:00.000Z,FIPSCode,17001,0,2022-11-09T01:00:05.691Z,0,0.0,74,0,27777,0,0.0,29197,0,0.0,29588,0,0.0,25386,99,0,46324,0,0
1667962555,2022-11-09 02:55:55 +0000,84c8aec46b0824d2dabb875d986800c8bb475bfb,IL,17001,2,2022-11-09T01:00:00.000Z,FIPSCode,17001,0,2022-11-09T01:00:05.691Z,0,0.0,74,0,27777,0,0.0,29197,0,0.0,29588,0,0.0,25386,99,0,46324,0,0
1667962837,2022-11-09 03:00:37 +0000,d57fedbb0cf82cf130c9d008e459203d23c317e0,IL,17001,2,2022-11-09T01:00:00.000Z,FIPSCode,17001,0,2022-11-09T01:00:05.691Z,0,0.0,74,0,27777,0,0.0,29197,0,0.0,29588,0,0.0,25386,99,0,46324,0,0
1667963111,2022-11-09 03:05:11 +0000,e819c6c0592b367c01eebbb86e897f39b2d774d1,IL,17001,2,2022-11-09T01:00:00.000Z,FIPSCode,17001,0,2022-11-09T01:00:05.691Z,0,0.0,74,0,27777,0,0.0,29197,0,0.0,29588,0,0.0,25386,99,0,46324,0,0
1667963396,2022-11-09 03:09:56 +0000,6a46c0776c43a17d759f81499ba9ed2e8d7622fc,IL,17001,2,2022-11-09T01:00:00.000Z,FIPSCode,17001,0,2022-11-09T01:00:05.691Z,0,0.0,74,0,27777,0,0.0,29197,0,0.0,29588,0,0.0,25386,99,0,46324,0,0
1667963668,2022-11-09 03:14:28 +0000,504ec01bb7ea4ec861b67f44aa636e0055b5ba3d,IL,17001,2,2022-11-09T01:00:00.000Z,FIPSCode,17001,0,2022-11-09T01:00:05.691Z,0,0.0,74,0,27777,0,0.0,29197,0,0.0,29588,0,0.0,25386,99,0,46324,0,0
1667963936,2022-11-09 03:18:56 +0000,05b874b27e9d0f9fdd5056261aa4b35a7cfd0586,IL,17001,2,2022-11-09T01:00:00.000Z,FIPSCode,17001,0,2022-11-09T01:00:05.691Z,0,0.0,74,0,27777,0,0.0,29197,0,0.0,29588,0,0.0,25386,99,0,46324,0,0
1667964227,2022-11-09 03:23:47 +0000,1cb90b95cdd6c1be23968f2b7d9618a95c5a5ad9,IL,17001,2,2022-11-09T01:00:00.000Z,FIPSCode,17001,0,2022-11-09T01:00:05.691Z,0,0.0,74,0,27777,0,0.0,29197,0,0.0,29588,0,0.0,25386,99,0,46324,0,0
1667964559,2022-11-09 03:29:19 +0000,9953e63a0357b9189618b1f7ef238581cfdffcbb,IL,17001,2,2022-11-09T01:00:00.000Z,FIPSCode,17001,0,2022-11-09T01:00:05.691Z,0,0.0,74,0,27777,0,0.0,29197,0,0.0,29588,0,0.0,25386,99,0,46324,0,0
1667964860,2022-11-09 03:34:20 +0000,ee3367b043972f1875e6948799a9babb4f41fd05,IL,17001,2,2022-11-09T01:00:00.000Z,FIPSCode,17001,0,2022-11-09T01:00:05.691Z,0,0.0,74,0,27777,0,0.0,29197,0,0.0,29588,0,0.0,25386,99,0,46324,0,0
1667965148,2022-11-09 03:39:08 +0000,6fdfe90630de6ba7d3077daaa37563b39e419cfc,IL,17001,2,2022-11-09T01:00:00.000Z,FIPSCode,17001,0,2022-11-09T01:00:05.691Z,0,0.0,74,0,27777,0,0.0,29197,0,0.0,29588,0,0.0,25386,99,0,46324,0,0
1667965711,2022-11-09 03:48:31 +0000,3f97935f76145660588ec69d4480a824e21e2bd4,IL,17001,2,2022-11-09T01:00:00.000Z,FIPSCode,17001,0,2022-11-09T01:00:05.691Z,0,0.0,74,0,27777,0,0.0,29197,0,0.0,29588,0,0.0,25386,99,0,46324,0,0
1667966001,2022-11-09 03:53:21 +0000,cee0a612753351ddb30fde2a157613da20f2be01,IL,17001,2,2022-11-09T01:00:00.000Z,FIPSCode,17001,0,2022-11-09T01:00:05.691Z,0,0.0,74,0,27777,0,0.0,29197,0,0.0,29588,0,0.0,25386,99,0,46324,0,0
1667966989,2022-11-09 04:09:49 +0000,47c6fd3e525919b429e23d0446afd1809e9c353c,IL,17001,2,2022-11-09T01:00:00.000Z,FIPSCode,17001,0,2022-11-09T01:00:05.691Z,0,0.0,74,0,27777,0,0.0,29197,0,0.0,29588,0,0.0,25386,99,0,46324,0,0
1667967269,2022-11-09 04:14:29 +0000,68d92bf23b94b96637a56b0d567d37a581d41ead,IL,17001,2,2022-11-09T01:00:00.000Z,FIPSCode,17001,0,2022-11-09T01:00:05.691Z,0,0.0,74,0,27777,0,0.0,29197,0,0.0,29588,0,0.0,25386,99,0,46324,0,0
1667967540,2022-11-08 22:19:00 -0600,673632f1537c7c9f2368084b99ec47b67621c41e,IL,17001,2,2022-11-09T01:00:00.000Z,FIPSCode,17001,0,2022-11-09T01:00:05.691Z,0,0.0,74,0,27777,0,0.0,29197,0,0.0,29588,0,0.0,25386,99,0,46324,0,0
1667967636,2022-11-08 22:20:36 -0600,1bed774242ed32fb5f86bc6fed50c68740cf5631,IL,17001,2,2022-11-09T01:00:00.000Z,FIPSCode,17001,0,2022-11-09T01:00:05.691Z,0,0.0,74,0,27777,0,0.0,29197,0,0.0,29588,0,0.0,25386,99,0,46324,0,0
1667967862,2022-11-08 22:24:22 -0600,70f93394ffa370662e7d52b8ef52310baba3c929,IL,17001,2,2022-11-09T01:00:00.000Z,FIPSCode,17001,0,2022-11-09T01:00:05.691Z,0,0.0,74,0,27777,0,0.0,29197,0,0.0,29588,0,0.0,25386,99,0,46324,0,0
1667967905,2022-11-08 22:25:05 -0600,7b53fc8cb8c53477e9f4fecf82fac92988ee5275,IL,17001,2,2022-11-09T01:00:00.000Z,FIPSCode,17001,0,2022-11-09T01:00:05.691Z,0,0.0,74,0,27777,0,0.0,29197,0,0.0,29588,0,0.0,25386,99,0,46324,0,0
1667967954,2022-11-08 22:25:54 -0600,ddd8cd55583cb4e51013ac431e84d23dc8167e7a,IL,17001,2,2022-11-09T01:00:00.000Z,FIPSCode,17001,0,2022-11-09T01:00:05.691Z,0,0.0,74,0,27777,0,0.0,29197,0,0.0,29588,0,0.0,25386,99,0,46324,0,0
1667968002,2022-11-08 22:26:42 -0600,1235204137f0f06fe3cd4983951d9356477924c9,IL,17001,2,2022-11-09T01:00:00.000Z,FIPSCode,17001,0,2022-11-09T01:00:05.691Z,0,0.0,74,0,27777,0,0.0,29197,0,0.0,29588,0,0.0,25386,99,0,46324,0,0
1667968047,2022-11-08 22:27:27 -0600,3febed665f84b6f0a9717d87750ee8049f50fab6,IL,17001,2,2022-11-09T01:00:00.000Z,FIPSCode,17001,0,2022-11-09T01:00:05.691Z,0,0.0,74,0,27777,0,0.0,29197,0,0.0,29588,0,0.0,25386,99,0,46324,0,0
1667968092,2022-11-08 22:28:12 -0600,c3a7bcfa6d57d19e0339cd5eff437c13c5a7dec5,IL,17001,2,2022-11-09T01:00:00.000Z,FIPSCode,17001,0,2022-11-09T01:00:05.691Z,0,0.0,74,0,27777,0,0.0,29197,0,0.0,29588,0,0.0,25386,99,0,46324,0,0
1667968182,2022-11-08 22:29:42 -0600,8e189a9f8e65ddc0a78641bf1d30b4fa1f53a113,IL,17001,2,2022-11-09T01:00:00.000Z,FIPSCode,17001,0,2022-11-09T01:00:05.691Z,0,0.0,74,0,27777,0,0.0,29197,0,0.0,29588,0,0.0,25386,99,0,46324,0,0
1667968316,2022-11-08 22:31:56 -0600,c7364a5d7197a125b098705a317e32ff0afe0f57,IL,17001,2,2022-11-09T01:00:00.000Z,FIPSCode,17001,0,2022-11-09T01:00:05.691Z,0,0.0,74,0,27777,0,0.0,29197,0,0.0,29588,0,0.0,25386,99,0,46324,0,0
1667968361,2022-11-08 22:32:41 -0600,0b888fe41bc653990f05b2c6fe09da530560e7a3,IL,17001,2,2022-11-09T01:00:00.000Z,FIPSCode,17001,0,2022-11-09T01:00:05.691Z,0,0.0,74,0,27777,0,0.0,29197,0,0.0,29588,0,0.0,25386,99,0,46324,0,0
1667968538,2022-11-08 22:35:38 -0600,921a14073c0a588fcddcb6fa0c38955a3a5e6401,IL,17001,2,2022-11-09T01:00:00.000Z,FIPSCode,17001,0,2022-11-09T01:00:05.691Z,0,0.0,74,0,27777,0,0.0,29197,0,0.0,29588,0,0.0,25386,99,0,46324,0,0
1667968667,2022-11-08 22:37:47 -0600,a013d457c641e43c359ed7cf524810962213905d,IL,17001,2,2022-11-09T01:00:00.000Z,FIPSCode,17001,0,2022-11-09T01:00:05.691Z,0,0.0,74,0,27777,0,0.0,29197,0,0.0,29588,0,0.0,25386,99,0,46324,0,0
1667968757,2022-11-08 22:39:17 -0600,444e7baf756125a86bedac9f7455307c41fed63a,IL,17001,2,2022-11-09T01:00:00.000Z,FIPSCode,17001,0,2022-11-09T01:00:05.691Z,0,0.0,74,0,27777,0,0.0,29197,0,0.0,29588,0,0.0,25386,99,0,46324,0,0
1667968844,2022-11-08 22:40:44 -0600,9af6e1ce44325ca43504ad5e0ccab8e9f14ef964,IL,17001,2,2022-11-09T01:00:00.000Z,FIPSCode,17001,0,2022-11-09T01:00:05.691Z,0,0.0,74,0,27777,0,0.0,29197,0,0.0,29588,0,0.0,25386,99,0,46324,0,0
1667969067,2022-11-08 22:44:27 -0600,73d0e74cb03400217dbc75a62135f42bc460c502,IL,17001,2,2022-11-09T01:00:00.000Z,FIPSCode,17001,0,2022-11-09T01:00:05.691Z,0,0.0,74,0,27777,0,0.0,29197,0,0.0,29588,0,0.0,25386,99,0,46324,0,0
1667969116,2022-11-08 22:45:16 -0600,79682069eac6cae3840febac265b40363b9c51ff,IL,17001,2,2022-11-09T01:00:00.000Z,FIPSCode,17001,0,2022-11-09T01:00:05.691Z,0,0.0,74,0,27777,0,0.0,29197,0,0.0,29588,0,0.0,25386,99,0,46324,0,0
1667969160,2022-11-08 22:46:00 -0600,702f27aec8e9117aaf59a55a71ae69d9a7aed7a6,IL,17001,2,2022-11-09T01:00:00.000Z,FIPSCode,17001,0,2022-11-09T01:00:05.691Z,0,0.0,74,0,27777,0,0.0,29197,0,0.0,29588,0,0.0,25386,99,0,46324,0,0
1667969204,2022-11-08 22:46:44 -0600,861af312a343e9b4769e08b8c7c8c17fab4dadef,IL,17001,2,2022-11-09T01:00:00.000Z,FIPSCode,17001,0,2022-11-09T01:00:05.691Z,0,0.0,74,0,27777,0,0.0,29197,0,0.0,29588,0,0.0,25386,99,0,46324,0,0
1667969376,2022-11-08 22:49:36 -0600,4ac813ba060ccffdf02cdf61aae9dd9c0b214438,IL,17001,2,2022-11-09T01:00:00.000Z,FIPSCode,17001,0,2022-11-09T01:00:05.691Z,0,0.0,74,0,27777,0,0.0,29197,0,0.0,29588,0,0.0,25386,99,0,46324,0,0
1667969463,2022-11-08 22:51:03 -0600,33a57724ad86936b636ee9df9a6a905b84cec6b3,IL,17001,2,2022-11-09T01:00:00.000Z,FIPSCode,17001,0,2022-11-09T01:00:05.691Z,0,0.0,74,0,27777,0,0.0,29197,0,0.0,29588,0,0.0,25386,99,0,46324,0,0
1667969505,2022-11-08 22:51:45 -0600,ffc1def8f9e2bf7a494bb8b128a38f199b58da48,IL,17001,2,2022-11-09T01:00:00.000Z,FIPSCode,17001,0,2022-11-09T01:00:05.691Z,0,0.0,74,0,27777,0,0.0,29197,0,0.0,29588,0,0.0,25386,99,0,46324,0,0
1667969636,2022-11-08 22:53:56 -0600,343edcc3a5440ed7e985b5b1b439acfe9dc3a7bb,IL,17001,2,2022-11-09T01:00:00.000Z,FIPSCode,17001,0,2022-11-09T01:00:05.691Z,0,0.0,74,0,27777,0,0.0,29197,0,0.0,29588,0,0.0,25386,99,0,46324,0,0
1667969723,2022-11-08 22:55:23 -0600,b509b5bfc09bde62e91159629c11e0b7e48daab9,IL,17001,2,2022-11-09T01:00:00.000Z,FIPSCode,17001,0,2022-11-09T01:00:05.691Z,0,0.0,74,0,27777,0,0.0,29197,0,0.0,29588,0,0.0,25386,99,0,46324,0,0
1667969768,2022-11-08 22:56:08 -0600,13751e5ba6ec1b0e3bf8ed4bdd82f9ad01fec7e2,IL,17001,2,2022-11-09T01:00:00.000Z,FIPSCode,17001,0,2022-11-09T01:00:05.691Z,0,0.0,74,0,27777,0,0.0,29197,0,0.0,29588,0,0.0,25386,99,0,46324,0,0
1667969810,2022-11-08 22:56:50 -0600,b4af1c5ed222b2aca51b198a04f7adfc76d9c4e9,IL,17001,2,2022-11-09T01:00:00.000Z,FIPSCode,17001,0,2022-11-09T01:00:05.691Z,0,0.0,74,0,27777,0,0.0,29197,0,0.0,29588,0,0.0,25386,99,0,46324,0,0
1667969855,2022-11-08 22:57:35 -0600,8c3f41d4804fda622cab89f365a05518b70e5a91,IL,17001,2,2022-11-09T01:00:00.000Z,FIPSCode,17001,0,2022-11-09T01:00:05.691Z,0,0.0,74,0,27777,0,0.0,29197,0,0.0,29588,0,0.0,25386,99,0,46324,0,0
1667969897,2022-11-08 22:58:17 -0600,4cc79ac7abd56ff5901adb554fdccc45c88f1310,IL,17001,2,2022-11-09T01:00:00.000Z,FIPSCode,17001,0,2022-11-09T01:00:05.691Z,0,0.0,74,0,27777,0,0.0,29197,0,0.0,29588,0,0.0,25386,99,0,46324,0,0
1667969984,2022-11-08 22:59:44 -0600,a2fb710992b888fe9f7e47092d88395e89230dfc,IL,17001,2,2022-11-09T01:00:00.000Z,FIPSCode,17001,0,2022-11-09T01:00:05.691Z,0,0.0,74,0,27777,0,0.0,29197,0,0.0,29588,0,0.0,25386,99,0,46324,0,0
1667970461,2022-11-08 23:07:41 -0600,7d669d180641a9a00e537201f92d2f70ea120169,IL,17001,2,2022-11-09T01:00:00.000Z,FIPSCode,17001,0,2022-11-09T01:00:05.691Z,0,0.0,74,0,27777,0,0.0,29197,0,0.0,29588,0,0.0,25386,99,0,46324,0,0
1667970504,2022-11-08 23:08:24 -0600,218805bf82c018e2091a699549a3db0180a36d98,IL,17001,2,2022-11-09T01:00:00.000Z,FIPSCode,17001,0,2022-11-09T01:00:05.691Z,0,0.0,74,0,27777,0,0.0,29197,0,0.0,29588,0,0.0,25386,99,0,46324,0,0
1667970594,2022-11-08 23:09:54 -0600,d4f30f0656d3b91d4423d751f85b9496715af7d9,IL,17001,2,2022-11-09T01:00:00.000Z,FIPSCode,17001,0,2022-11-09T01:00:05.691Z,0,0.0,74,0,27777,0,0.0,29197,0,0.0,29588,0,0.0,25386,99,0,46324,0,0
1667970899,2022-11-08 23:14:59 -0600,ca5b649b3885623b3ef37439107a0fa8db2d1846,IL,17001,2,2022-11-09T01:00:00.000Z,FIPSCode,17001,0,2022-11-09T01:00:05.691Z,0,0.0,74,0,27777,0,0.0,29197,0,0.0,29588,0,0.0,25386,99,0,46324,0,0
1667970985,2022-11-08 23:16:25 -0600,458b8c029ed943a1966fd047ace4d102323e3185,IL,17001,2,2022-11-09T01:00:00.000Z,FIPSCode,17001,0,2022-11-09T01:00:05.691Z,0,0.0,74,0,27777,0,0.0,29197,0,0.0,29588,0,0.0,25386,99,0,46324,0,0
1667971079,2022-11-08 23:17:59 -0600,1cf7281bce65e8581e70a1164dc3589ed87371d4,IL,17001,2,2022-11-09T01:00:00.000Z,FIPSCode,17001,0,2022-11-09T01:00:05.691Z,0,0.0,74,0,27777,0,0.0,29197,0,0.0,29588,0,0.0,25386,99,0,46324,0,0
1667971169,2022-11-08 23:19:29 -0600,a70df26f7f471d11543c24ba2a2ee8ee294f6f1b,IL,17001,2,2022-11-09T01:00:00.000Z,FIPSCode,17001,0,2022-11-09T01:00:05.691Z,0,0.0,74,0,27777,0,0.0,29197,0,0.0,29588,0,0.0,25386,99,0,46324,0,0
1667971614,2022-11-08 23:26:54 -0600,3e2db293b352d34f57f22cada11d4f92f345178d,IL,17001,2,2022-11-09T01:00:00.000Z,FIPSCode,17001,0,2022-11-09T01:00:05.691Z,0,0.0,74,0,27777,0,0.0,29197,0,0.0,29588,0,0.0,25386,99,0,46324,0,0
1667972216,2022-11-08 23:36:56 -0600,85a5bd7dbe5253f418489691a179128d5ff518d6,IL,17001,2,2022-11-09T01:00:00.000Z,FIPSCode,17001,0,2022-11-09T01:00:05.691Z,0,0.0,74,0,27777,0,0.0,29197,0,0.0,29588,0,0.0,25386,99,0,46324,0,0
1667972427,2022-11-08 23:40:27 -0600,ae4901446f849f3ab62f6a79323d475c59ad0832,IL,17001,2,2022-11-09T01:00:00.000Z,FIPSCode,17001,0,2022-11-09T01:00:05.691Z,0,0.0,74,0,27777,0,0.0,29197,0,0.0,29588,0,0.0,25386,99,0,46324,0,0
1667972473,2022-11-08 23:41:13 -0600,a29b2b07dc776af5545ee4ec64ead9d5ba96e873,IL,17001,2,2022-11-09T01:00:00.000Z,FIPSCode,17001,0,2022-11-09T01:00:05.691Z,0,0.0,74,0,27777,0,0.0,29197,0,0.0,29588,0,0.0,25386,99,0,46324,0,0
1667972764,2022-11-08 23:46:04 -0600,82ba377844e9961d9064213cab9939b1444d2eba,IL,17001,2,2022-11-09T01:00:00.000Z,FIPSCode,17001,0,2022-11-09T01:00:05.691Z,0,0.0,74,0,27777,0,0.0,29197,0,0.0,29588,0,0.0,25386,99,0,46324,0,0
1667972898,2022-11-08 23:48:18 -0600,7f5611a68542690dfbbea4b10f2d25fb123813f8,IL,17001,2,2022-11-09T01:00:00.000Z,FIPSCode,17001,0,2022-11-09T01:00:05.691Z,0,0.0,74,0,27777,0,0.0,29197,0,0.0,29588,0,0.0,25386,99,0,46324,0,0
1667972943,2022-11-08 23:49:03 -0600,2188e3ab5f27e10fb4df9e561d0af4cab5cf665c,IL,17001,2,2022-11-09T01:00:00.000Z,FIPSCode,17001,0,2022-11-09T01:00:05.691Z,0,0.0,74,0,27777,0,0.0,29197,0,0.0,29588,0,0.0,25386,99,0,46324,0,0
1667973115,2022-11-08 23:51:55 -0600,76528750fef7c265d19f91ec30e86804e3da6e06,IL,17001,2,2022-11-09T01:00:00.000Z,FIPSCode,17001,0,2022-11-09T01:00:05.691Z,0,0.0,74,0,27777,0,0.0,29197,0,0.0,29588,0,0.0,25386,99,0,46324,0,0
1667973160,2022-11-08 23:52:40 -0600,a8c30e49fdf2578eef8c8f50f6106d095bb0fc07,IL,17001,2,2022-11-09T01:00:00.000Z,FIPSCode,17001,0,2022-11-09T01:00:05.691Z,0,0.0,74,0,27777,0,0.0,29197,0,0.0,29588,0,0.0,25386,99,0,46324,0,0
1667973248,2022-11-08 23:54:08 -0600,fb954f3a0e354e923f1bd778e51927737d2c1332,IL,17001,2,2022-11-09T01:00:00.000Z,FIPSCode,17001,0,2022-11-09T01:00:05.691Z,0,0.0,74,0,27777,0,0.0,29197,0,0.0,29588,0,0.0,25386,99,0,46324,0,0
1667973338,2022-11-08 23:55:38 -0600,60e23f89b0832d690c2e9c2012f75df6b998f230,IL,17001,2,2022-11-09T01:00:00.000Z,FIPSCode,17001,0,2022-11-09T01:00:05.691Z,0,0.0,74,0,27777,0,0.0,29197,0,0.0,29588,0,0.0,25386,99,0,46324,0,0
1667973648,2022-11-09 00:00:48 -0600,56d1333c268e0ca83267f304bc7ebda9b0c770b6,IL,17001,2,2022-11-09T01:00:00.000Z,FIPSCode,17001,0,2022-11-09T01:00:05.691Z,0,0.0,74,0,27777,0,0.0,29197,0,0.0,29588,0,0.0,25386,99,0,46324,0,0
1667973835,2022-11-09 00:03:55 -0600,b3bdd8a625be8657c0e5a46d72158acdcfd366d2,IL,17001,2,2022-11-09T01:00:00.000Z,FIPSCode,17001,0,2022-11-09T01:00:05.691Z,0,0.0,74,0,27777,0,0.0,29197,0,0.0,29588,0,0.0,25386,99,0,46324,0,0
1667974664,2022-11-09 00:17:44 -0600,d987a91643923201706646f74ed6cc4da6a088a6,IL,17001,2,2022-11-09T01:00:00.000Z,FIPSCode,17001,0,2022-11-09T01:00:05.691Z,0,0.0,74,0,27777,0,0.0,29197,0,0.0,29588,0,0.0,25386,99,0,46324,0,0
1667974853,2022-11-09 00:20:53 -0600,675e67cf8102db01ebf6f3cc46b2432f97e9dfb7,IL,17001,2,2022-11-09T01:00:00.000Z,FIPSCode,17001,0,2022-11-09T01:00:05.691Z,0,0.0,74,0,27777,0,0.0,29197,0,0.0,29588,0,0.0,25386,99,0,46324,0,0
1667974988,2022-11-09 00:23:08 -0600,5d6616b419546bd84ca0c06ee5a7a5389ea5fc67,IL,17001,2,2022-11-09T01:00:00.000Z,FIPSCode,17001,0,2022-11-09T01:00:05.691Z,0,0.0,74,0,27777,0,0.0,29197,0,0.0,29588,0,0.0,25386,99,0,46324,0,0
1667975361,2022-11-09 00:29:21 -0600,d37d846c431e83eb6217de33215cf28365760117,IL,17001,2,2022-11-09T01:00:00.000Z,FIPSCode,17001,0,2022-11-09T01:00:05.691Z,0,0.0,74,0,27777,0,0.0,29197,0,0.0,29588,0,0.0,25386,99,0,46324,0,0
1667975609,2022-11-09 00:33:29 -0600,62fa28ab1db323241f81f05574f15005f7d100fe,IL,17001,2,2022-11-09T01:00:00.000Z,FIPSCode,17001,0,2022-11-09T06:32:16.480Z,74,98.43,74,100,29197,19456,77.86,27777,5024,20.11,29588,507,2.03,25386,99,24987,46324,74,73
1667975652,2022-11-09 00:34:12 -0600,d498600900e4c0350d8f00907a8e8a97bd48aba6,IL,17001,2,2022-11-09T01:00:00.000Z,FIPSCode,17001,0,2022-11-09T06:32:16.480Z,74,98.43,74,100,29197,19456,77.86,27777,5024,20.11,29588,507,2.03,25386,99,24987,46324,74,73
1667975815,2022-11-09 00:36:55 -0600,bd9ec1a9bacd26e63399e24cdeba1aa1e9b2608a,IL,17001,2,2022-11-09T01:00:00.000Z,FIPSCode,17001,0,2022-11-09T06:32:16.480Z,74,98.43,74,100,29197,19456,77.86,27777,5024,20.11,29588,507,2.03,25386,99,24987,46324,74,73
1667975898,2022-11-09 00:38:18 -0600,7609424c163438fd3cafbbf7ed6226754e52c1bd,IL,17001,2,2022-11-09T01:00:00.000Z,FIPSCode,17001,0,2022-11-09T06:37:21.151Z,74,98.43,74,100,29197,19456,77.86,27777,5024,20.11,29588,507,2.03,25386,99,24987,46324,74,73
1667976306,2022-11-09 00:45:06 -0600,a65306ebcf7e41c11b1557bbe78229c6107820ce,IL,17001,2,2022-11-09T01:00:00.000Z,FIPSCode,17001,0,2022-11-09T06:37:21.151Z,74,98.43,74,100,29197,19456,77.86,27777,5024,20.11,29588,507,2.03,25386,99,24987,46324,74,73
1667976387,2022-11-09 00:46:27 -0600,3fc81e357a75429f605eafd56848166989ceb407,IL,17001,2,2022-11-09T01:00:00.000Z,FIPSCode,17001,0,2022-11-09T06:37:21.151Z,74,98.43,74,100,29197,19456,77.86,27777,5024,20.11,29588,507,2.03,25386,99,24987,46324,74,73
1667976996,2022-11-09 00:56:36 -0600,c42ff185ff10da6e900ee98d629248349a3fcfdc,IL,17001,2,2022-11-09T01:00:00.000Z,FIPSCode,17001,0,2022-11-09T06:37:21.151Z,74,98.43,74,100,29197,19456,77.86,27777,5024,20.11,29588,507,2.03,25386,99,24987,46324,74,73
1667977077,2022-11-09 00:57:57 -0600,e96cea5b95acdc4d7cb935c4ee20e3275e516aa1,IL,17001,2,2022-11-09T01:00:00.000Z,FIPSCode,17001,0,2022-11-09T06:37:21.151Z,74,98.43,74,100,29197,19456,77.86,27777,5024,20.11,29588,507,2.03,25386,99,24987,46324,74,73
1667977161,2022-11-09 00:59:21 -0600,d4158baa35ee56754832f9c50c65e72445101881,IL,17001,2,2022-11-09T01:00:00.000Z,FIPSCode,17001,0,2022-11-09T06:37:21.151Z,74,98.43,74,100,29197,19456,77.86,27777,5024,20.11,29588,507,2.03,25386,99,24987,46324,74,73
1667977571,2022-11-09 01:06:11 -0600,a52c232825af64477e8cc1b761cf52e3cfd7e241,IL,17001,2,2022-11-09T01:00:00.000Z,FIPSCode,17001,0,2022-11-09T06:37:21.151Z,74,98.43,74,100,29197,19456,77.86,27777,5024,20.11,29588,507,2.03,25386,99,24987,46324,74,73
1667977650,2022-11-09 01:07:30 -0600,e48bfef3d4c356faebb3a136ff72c7eaf5ad43bd,IL,17001,2,2022-11-09T01:00:00.000Z,FIPSCode,17001,0,2022-11-09T06:37:21.151Z,74,98.43,74,100,29197,19456,77.86,27777,5024,20.11,29588,507,2.03,25386,99,24987,46324,74,73
1667977812,2022-11-09 01:10:12 -0600,f6003f8f022049fc0501c9f6d634893d3cdbfc16,IL,17001,2,2022-11-09T01:00:00.000Z,FIPSCode,17001,0,2022-11-09T06:37:21.151Z,74,98.43,74,100,29197,19456,77.86,27777,5024,20.11,29588,507,2.03,25386,99,24987,46324,74,73
1667978016,2022-11-09 01:13:36 -0600,7febc527721e6e7f43de63ba3eb206040d4f99d8,IL,17001,2,2022-11-09T01:00:00.000Z,FIPSCode,17001,0,2022-11-09T06:37:21.151Z,74,98.43,74,100,29197,19456,77.86,27777,5024,20.11,29588,507,2.03,25386,99,24987,46324,74,73
1667978096,2022-11-09 01:14:56 -0600,9704f9ed3b0570d75ec2a13ef6d6f848b5453f32,IL,17001,2,2022-11-09T01:00:00.000Z,FIPSCode,17001,0,2022-11-09T06:37:21.151Z,74,98.43,74,100,29197,19456,77.86,27777,5024,20.11,29588,507,2.03,25386,99,24987,46324,74,73
1667978502,2022-11-09 01:21:42 -0600,3a9aa1fa129e28027260f73511b9ecad38e5231d,IL,17001,2,2022-11-09T01:00:00.000Z,FIPSCode,17001,0,2022-11-09T06:37:21.151Z,74,98.43,74,100,29197,19456,77.86,27777,5024,20.11,29588,507,2.03,25386,99,24987,46324,74,73
1667978624,2022-11-09 01:23:44 -0600,97e704602754dedf1a218b99d26e3136f940ebe6,IL,17001,2,2022-11-09T01:00:00.000Z,FIPSCode,17001,0,2022-11-09T06:37:21.151Z,74,98.43,74,100,29197,19456,77.86,27777,5024,20.11,29588,507,2.03,25386,99,24987,46324,74,73
1667978744,2022-11-09 01:25:44 -0600,8b13f33679adcee88a6a055b710570330a1d0128,IL,17001,2,2022-11-09T01:00:00.000Z,FIPSCode,17001,0,2022-11-09T06:37:21.151Z,74,98.43,74,100,29197,19456,77.86,27777,5024,20.11,29588,507,2.03,25386,99,24987,46324,74,73
1667980799,2022-11-09 01:59:59 -0600,934823804566c431cf70570e863807e708ff1c49,IL,17001,2,2022-11-09T01:00:00.000Z,FIPSCode,17001,0,2022-11-09T06:37:21.151Z,74,98.43,74,100,29197,19456,77.86,27777,5024,20.11,29588,507,2.03,25386,99,24987,46324,74,73
1667981483,2022-11-09 02:11:23 -0600,71b7e139fa561afc8a43f66a3db53706a14f3cc6,IL,17001,2,2022-11-09T01:00:00.000Z,FIPSCode,17001,0,2022-11-09T06:37:21.151Z,74,98.43,74,100,29197,19456,77.86,27777,5024,20.11,29588,507,2.03,25386,99,24987,46324,74,73
1667981603,2022-11-09 02:13:23 -0600,3310dbe8867ffe9b16ad80e27a2817750d56a0d9,IL,17001,2,2022-11-09T01:00:00.000Z,FIPSCode,17001,0,2022-11-09T06:37:21.151Z,74,98.43,74,100,29197,19456,77.86,27777,5024,20.11,29588,507,2.03,25386,99,24987,46324,74,73
1667982478,2022-11-09 02:27:58 -0600,e7a4697387fd0327336c3244c6ef7d3c1cab12ad,IL,17001,2,2022-11-09T01:00:00.000Z,FIPSCode,17001,0,2022-11-09T06:37:21.151Z,74,98.43,74,100,29197,19456,77.86,27777,5024,20.11,29588,507,2.03,25386,99,24987,46324,74,73
1667986229,2022-11-09 03:30:29 -0600,de4f075f484eeefc61db9b38c50cadb02e21f0eb,IL,17001,2,2022-11-09T01:00:00.000Z,FIPSCode,17001,0,2022-11-09T08:53:25.866Z,74,95.0,74,100,29197,19456,77.86,27777,5024,20.11,29588,507,2.03,26302,99,24987,46324,74,70
1667986391,2022-11-09 03:33:11 -0600,49eb3b2b658978da8fc8e7a6de93597cdfa13352,IL,17001,2,2022-11-09T01:00:00.000Z,FIPSCode,17001,0,2022-11-09T08:53:25.866Z,74,95.0,74,100,29197,19456,77.86,27777,5024,20.11,29588,507,2.03,26302,99,24987,46324,74,70
1667988091,2022-11-09 04:01:31 -0600,ad99db3e9080c7ed6200ad727ad2ea36cd855591,IL,17001,2,2022-11-09T01:00:00.000Z,FIPSCode,17001,0,2022-11-09T08:53:25.866Z,74,95.0,74,100,29197,19456,77.86,27777,5024,20.11,29588,507,2.03,26302,99,24987,46324,74,70
1667998956,2022-11-09 07:02:36 -0600,1f9ce3b9b0613a55d7dfb8ed3630012e0b149a34,IL,17001,2,2022-11-09T01:00:00.000Z,FIPSCode,17001,0,2022-11-09T08:53:25.866Z,74,95.0,74,100,29197,19456,77.86,27777,5024,20.11,29588,507,2.03,26302,99,24987,46324,74,70
1668009262,2022-11-09 09:54:22 -0600,05b2df033de8074b9e224f40acbc04f63ff3f1d3,IL,17001,2,2022-11-09T01:00:00.000Z,FIPSCode,17001,0,2022-11-09T08:53:25.866Z,74,95.0,74,100,29197,19456,77.86,27777,5024,20.11,29588,507,2.03,26302,99,24987,46324,74,70
1668009874,2022-11-09 10:04:34 -0600,11b8834593a88447f151c2b14e88da1e99d29b7a,IL,17001,2,2022-11-09T01:00:00.000Z,FIPSCode,17001,0,2022-11-09T08:53:25.866Z,74,95.0,74,100,29197,19456,77.86,27777,5024,20.11,29588,507,2.03,26302,99,24987,46324,74,70
1668022645,2022-11-09 13:37:25 -0600,77d960866af403ade41304d9d9a1c54e73be07eb,IL,17001,2,2022-11-09T01:00:00.000Z,FIPSCode,17001,0,2022-11-09T19:36:26.801Z,74,95.0,74,100,29197,19456,77.86,27777,5024,20.11,29588,507,2.03,26302,99,24987,46324,74,70
1668022810,2022-11-09 13:40:10 -0600,bbac424ed10ffdddc4bbd6f0891c8167a885dae7,IL,17001,2,2022-11-09T01:00:00.000Z,FIPSCode,17001,0,2022-11-09T19:36:26.801Z,74,95.0,74,100,29197,19456,77.86,27777,5024,20.11,29588,507,2.03,26302,99,24987,46324,74,70
1668023057,2022-11-09 13:44:17 -0600,dc7f033536cbb68e6972b2130a841ab00de024a0,IL,17001,2,2022-11-09T01:00:00.000Z,FIPSCode,17001,0,2022-11-09T19:36:26.801Z,74,95.0,74,100,29197,19456,77.86,27777,5024,20.11,29588,507,2.03,26302,99,24987,46324,74,70
1668023180,2022-11-09 13:46:20 -0600,58050c8aaeb29125a10c256618142bc806b02ab0,IL,17001,2,2022-11-09T01:00:00.000Z,FIPSCode,17001,0,2022-11-09T19:36:26.801Z,74,95.0,74,100,29197,19456,77.86,27777,5024,20.11,29588,507,2.03,26302,99,24987,46324,74,70
1668023221,2022-11-09 13:47:01 -0600,eb718767d88fd907cb1f9dd503f07df58651dab0,IL,17001,2,2022-11-09T01:00:00.000Z,FIPSCode,17001,0,2022-11-09T19:36:26.801Z,74,95.0,74,100,29197,19456,77.86,27777,5024,20.11,29588,507,2.03,26302,99,24987,46324,74,70
1668023514,2022-11-09 13:51:54 -0600,8ce4702fa7c2f1e43478cd8ba51ac3f4283d66d7,IL,17001,2,2022-11-09T01:00:00.000Z,FIPSCode,17001,0,2022-11-09T19:36:26.801Z,74,95.0,74,100,29197,19456,77.86,27777,5024,20.11,29588,507,2.03,26302,99,24987,46324,74,70
1668023555,2022-11-09 13:52:35 -0600,240d55e2dbc6ff1e83bc2c33cc07b7e3f6b30f67,IL,17001,2,2022-11-09T01:00:00.000Z,FIPSCode,17001,0,2022-11-09T19:36:26.801Z,74,95.0,74,100,29197,19456,77.86,27777,5024,20.11,29588,507,2.03,26302,99,24987,46324,74,70
1668023597,2022-11-09 13:53:17 -0600,eeccc1be5a54e833a6b0ffddeb870ecb8e3a12df,IL,17001,2,2022-11-09T01:00:00.000Z,FIPSCode,17001,0,2022-11-09T19:36:26.801Z,74,95.0,74,100,29197,19456,77.86,27777,5024,20.11,29588,507,2.03,26302,99,24987,46324,74,70
1668023931,2022-11-09 13:58:51 -0600,1d5ed1a8ebf11f21e3f5f3db02fc22c767037aa7,IL,17001,2,2022-11-09T01:00:00.000Z,FIPSCode,17001,0,2022-11-09T19:36:26.801Z,74,95.0,74,100,29197,19456,77.86,27777,5024,20.11,29588,507,2.03,26302,99,24987,46324,74,70
1668024315,2022-11-09 14:05:15 -0600,2ecfdf857b6235d09461af42a3bc064d396dc8e7,IL,17001,2,2022-11-09T01:00:00.000Z,FIPSCode,17001,0,2022-11-09T19:36:26.801Z,74,95.0,74,100,29197,19456,77.86,27777,5024,20.11,29588,507,2.03,26302,99,24987,46324,74,70
1668024946,2022-11-09 14:15:46 -0600,8129bb0265bf72663a5b987a0bd05a6d6862736a,IL,17001,2,2022-11-09T01:00:00.000Z,FIPSCode,17001,0,2022-11-09T19:36:26.801Z,74,95.0,74,100,29197,19456,77.86,27777,5024,20.11,29588,507,2.03,26302,99,24987,46324,74,70
1668025111,2022-11-09 14:18:31 -0600,8a5331d418f04d8249fb068be02a8c62064c364e,IL,17001,2,2022-11-09T01:00:00.000Z,FIPSCode,17001,0,2022-11-09T19:36:26.801Z,74,95.0,74,100,29197,19456,77.86,27777,5024,20.11,29588,507,2.03,26302,99,24987,46324,74,70
1668025194,2022-11-09 14:19:54 -0600,9e915aa96d067b2307bcd1726542e66e73fc088e,IL,17001,2,2022-11-09T01:00:00.000Z,FIPSCode,17001,0,2022-11-09T19:36:26.801Z,74,95.0,74,100,29197,19456,77.86,27777,5024,20.11,29588,507,2.03,26302,99,24987,46324,74,70
1668025276,2022-11-09 14:21:16 -0600,582cf97ffc5d8f1ff16f1ada16c8567dbdccaf96,IL,17001,2,2022-11-09T01:00:00.000Z,FIPSCode,17001,0,2022-11-09T19:36:26.801Z,74,95.0,74,100,29197,19456,77.86,27777,5024,20.11,29588,507,2.03,26302,99,24987,46324,74,70
1668026022,2022-11-09 14:33:42 -0600,9d137af14c0952ec92c4fedea900dc609b6fa90a,IL,17001,2,2022-11-09T01:00:00.000Z,FIPSCode,17001,0,2022-11-09T19:36:26.801Z,74,95.0,74,100,29197,19456,77.86,27777,5024,20.11,29588,507,2.03,26302,99,24987,46324,74,70
1668026064,2022-11-09 14:34:24 -0600,ca03a4a269e6058d6a1aa258dc8c813a933a7e00,IL,17001,2,2022-11-09T01:00:00.000Z,FIPSCode,17001,0,2022-11-09T19:36:26.801Z,74,95.0,74,100,29197,19456,77.86,27777,5024,20.11,29588,507,2.03,26302,99,24987,46324,74,70
1668026147,2022-11-09 14:35:47 -0600,1db0cd31fef0255626bdddef55a61f151e167173,IL,17001,2,2022-11-09T01:00:00.000Z,FIPSCode,17001,0,2022-11-09T19:36:26.801Z,74,95.0,74,100,29197,19456,77.86,27777,5024,20.11,29588,507,2.03,26302,99,24987,46324,74,70
1668026189,2022-11-09 14:36:29 -0600,3334f326ac9ce4abf7053a363898534f402584af,IL,17001,2,2022-11-09T01:00:00.000Z,FIPSCode,17001,0,2022-11-09T19:36:26.801Z,74,95.0,74,100,29197,19456,77.86,27777,5024,20.11,29588,507,2.03,26302,99,24987,46324,74,70
1668026230,2022-11-09 14:37:10 -0600,04eba1e7559bb4e42f70e1121bff93833b7e8228,IL,17001,2,2022-11-09T01:00:00.000Z,FIPSCode,17001,0,2022-11-09T19:36:26.801Z,74,95.0,74,100,29197,19456,77.86,27777,5024,20.11,29588,507,2.03,26302,99,24987,46324,74,70
1668026482,2022-11-09 14:41:22 -0600,191255bc047895b7ba46e2ba1025d9f893f2ac5a,IL,17001,2,2022-11-09T01:00:00.000Z,FIPSCode,17001,0,2022-11-09T19:36:26.801Z,74,95.0,74,100,29197,19456,77.86,27777,5024,20.11,29588,507,2.03,26302,99,24987,46324,74,70
1668026523,2022-11-09 14:42:03 -0600,c51bd6e05a674ecf0c16efe1b38e26f8c42fe668,IL,17001,2,2022-11-09T01:00:00.000Z,FIPSCode,17001,0,2022-11-09T19:36:26.801Z,74,95.0,74,100,29197,19456,77.86,27777,5024,20.11,29588,507,2.03,26302,99,24987,46324,74,70
1668027771,2022-11-09 15:02:51 -0600,edc88da9e2f7c8cdb5bef9a6a6da871910edaac4,IL,17001,2,2022-11-09T01:00:00.000Z,FIPSCode,17001,0,2022-11-09T19:36:26.801Z,74,95.0,74,100,29197,19456,77.86,27777,5024,20.11,29588,507,2.03,26302,99,24987,46324,74,70
1668027812,2022-11-09 15:03:32 -0600,0a42c061fc15d21481dccf46ae01e69325d1c895,IL,17001,2,2022-11-09T01:00:00.000Z,FIPSCode,17001,0,2022-11-09T19:36:26.801Z,74,95.0,74,100,29197,19456,77.86,27777,5024,20.11,29588,507,2.03,26302,99,24987,46324,74,70
1668027978,2022-11-09 15:06:18 -0600,c5f8343f0c088ef9ab661acfac4a7ec6ca8ba4e5,IL,17001,2,2022-11-09T01:00:00.000Z,FIPSCode,17001,0,2022-11-09T19:36:26.801Z,74,95.0,74,100,29197,19456,77.86,27777,5024,20.11,29588,507,2.03,26302,99,24987,46324,74,70
1668028103,2022-11-09 15:08:23 -0600,2df9ffe083ea05c834d0c18488ab653b4e8b3c31,IL,17001,2,2022-11-09T01:00:00.000Z,FIPSCode,17001,0,2022-11-09T19:36:26.801Z,74,95.0,74,100,29197,19456,77.86,27777,5024,20.11,29588,507,2.03,26302,99,24987,46324,74,70
1668028974,2022-11-09 15:22:54 -0600,e668b7118a9c7cb19c1e0b859ddc1b3c56677e38,IL,17001,2,2022-11-09T01:00:00.000Z,FIPSCode,17001,0,2022-11-09T19:36:26.801Z,74,95.0,74,100,29197,19456,77.86,27777,5024,20.11,29588,507,2.03,26302,99,24987,46324,74,70
1668029057,2022-11-09 15:24:17 -0600,696b22712e7505f43983489919f13ed1e2331814,IL,17001,2,2022-11-09T01:00:00.000Z,FIPSCode,17001,0,2022-11-09T19:36:26.801Z,74,95.0,74,100,29197,19456,77.86,27777,5024,20.11,29588,507,2.03,26302,99,24987,46324,74,70
1668029222,2022-11-09 15:27:02 -0600,f380fd93479e8c8d84f8e3c887d270c8fe63eefc,IL,17001,2,2022-11-09T01:00:00.000Z,FIPSCode,17001,0,2022-11-09T19:36:26.801Z,74,95.0,74,100,29197,19456,77.86,27777,5024,20.11,29588,507,2.03,26302,99,24987,46324,74,70
1668029264,2022-11-09 15:27:44 -0600,e5d7116c161caae563633a8e096f9d6dd3efec6c,IL,17001,2,2022-11-09T01:00:00.000Z,FIPSCode,17001,0,2022-11-09T19:36:26.801Z,74,95.0,74,100,29197,19456,77.86,27777,5024,20.11,29588,507,2.03,26302,99,24987,46324,74,70
1668030204,2022-11-09 15:43:24 -0600,84068d956ff70c66bcabd34921234a7444ff97cf,IL,17001,2,2022-11-09T01:00:00.000Z,FIPSCode,17001,0,2022-11-09T19:36:26.801Z,74,95.0,74,100,29197,19456,77.86,27777,5024,20.11,29588,507,2.03,26302,99,24987,46324,74,70
1668030414,2022-11-09 15:46:54 -0600,f528cb66af389986eabc1a32bc09169c54fff0c7,IL,17001,2,2022-11-09T01:00:00.000Z,FIPSCode,17001,0,2022-11-09T19:36:26.801Z,74,95.0,74,100,29197,19456,77.86,27777,5024,20.11,29588,507,2.03,26302,99,24987,46324,74,70
1668031339,2022-11-09 16:02:19 -0600,b56ab60fc77c3297f4122e24a7bcca22b65edd68,IL,17001,2,2022-11-09T01:00:00.000Z,FIPSCode,17001,0,2022-11-09T19:36:26.801Z,74,95.0,74,100,29197,19456,77.86,27777,5024,20.11,29588,507,2.03,26302,99,24987,46324,74,70
1668031550,2022-11-09 16:05:50 -0600,452074fd799bce5e293aed7a49f3367ea7539030,IL,17001,2,2022-11-09T01:00:00.000Z,FIPSCode,17001,0,2022-11-09T19:36:26.801Z,74,95.0,74,100,29197,19456,77.86,27777,5024,20.11,29588,507,2.03,26302,99,24987,46324,74,70
1668032004,2022-11-09 16:13:24 -0600,cca0d5018b66d09b92cb5c5d93e76e9c7eb088ca,IL,17001,2,2022-11-09T01:00:00.000Z,FIPSCode,17001,0,2022-11-09T19:36:26.801Z,74,95.0,74,100,29197,19456,77.86,27777,5024,20.11,29588,507,2.03,26302,99,24987,46324,74,70
1668032046,2022-11-09 16:14:06 -0600,ec9dcb518c9cfcc1c5103088ea21530d7e0bdfc6,IL,17001,2,2022-11-09T01:00:00.000Z,FIPSCode,17001,0,2022-11-09T19:36:26.801Z,74,95.0,74,100,29197,19456,77.86,27777,5024,20.11,29588,507,2.03,26302,99,24987,46324,74,70
1668032211,2022-11-09 16:16:51 -0600,34b68c619e28f268a24e09ae97c553b9f99bbe8e,IL,17001,2,2022-11-09T01:00:00.000Z,FIPSCode,17001,0,2022-11-09T19:36:26.801Z,74,95.0,74,100,29197,19456,77.86,27777,5024,20.11,29588,507,2.03,26302,99,24987,46324,74,70
1668036107,2022-11-09 17:21:47 -0600,81332717bb21088877be8de5dfc255ea19b78858,IL,17001,2,2022-11-09T01:00:00.000Z,FIPSCode,17001,0,2022-11-09T19:36:26.801Z,74,95.0,74,100,29197,19456,77.86,27777,5024,20.11,29588,507,2.03,26302,99,24987,46324,74,70
1668036523,2022-11-09 17:28:43 -0600,b2055aa9a7702d9955f08eda2d4c4f3746dcf7d4,IL,17001,2,2022-11-09T01:00:00.000Z,FIPSCode,17001,0,2022-11-09T19:36:26.801Z,74,95.0,74,100,29197,19456,77.86,27777,5024,20.11,29588,507,2.03,26302,99,24987,46324,74,70
1668036978,2022-11-09 17:36:18 -0600,e6c4c20184048f6c8beecbf38f22e328198f2756,IL,17001,2,2022-11-09T01:00:00.000Z,FIPSCode,17001,0,2022-11-09T19:36:26.801Z,74,95.0,74,100,29197,19456,77.86,27777,5024,20.11,29588,507,2.03,26302,99,24987,46324,74,70
1668037103,2022-11-09 17:38:23 -0600,3d745491d4b15a46797bb61ff8db0c27530884f0,IL,17001,2,2022-11-09T01:00:00.000Z,FIPSCode,17001,0,2022-11-09T19:36:26.801Z,74,95.0,74,100,29197,19456,77.86,27777,5024,20.11,29588,507,2.03,26302,99,24987,46324,74,70
1668037145,2022-11-09 17:39:05 -0600,e390379c2cdd50c2957631b28de03d02077bffeb,IL,17001,2,2022-11-09T01:00:00.000Z,FIPSCode,17001,0,2022-11-09T19:36:26.801Z,74,95.0,74,100,29197,19456,77.86,27777,5024,20.11,29588,507,2.03,26302,99,24987,46324,74,70
1668037188,2022-11-09 17:39:48 -0600,879655c3bbd227569704fb160a98b2d3e36aa80d,IL,17001,2,2022-11-09T01:00:00.000Z,FIPSCode,17001,0,2022-11-09T19:36:26.801Z,74,95.0,74,100,29197,19456,77.86,27777,5024,20.11,29588,507,2.03,26302,99,24987,46324,74,70
1668037229,2022-11-09 17:40:29 -0600,0aee93471332053fd7fd723446a0bd75f7ebe53c,IL,17001,2,2022-11-09T01:00:00.000Z,FIPSCode,17001,0,2022-11-09T19:36:26.801Z,74,95.0,74,100,29197,19456,77.86,27777,5024,20.11,29588,507,2.03,26302,99,24987,46324,74,70
1668037356,2022-11-09 17:42:36 -0600,d669adb7af65d3d8ca5ebcb103ababc1850e0235,IL,17001,2,2022-11-09T01:00:00.000Z,FIPSCode,17001,0,2022-11-09T19:36:26.801Z,74,95.0,74,100,29197,19456,77.86,27777,5024,20.11,29588,507,2.03,26302,99,24987,46324,74,70
1668037442,2022-11-09 17:44:02 -0600,1dae71d5522d45459c35cb6a91b73c4e69d0ca28,IL,17001,2,2022-11-09T01:00:00.000Z,FIPSCode,17001,0,2022-11-09T19:36:26.801Z,74,95.0,74,100,29197,19456,77.86,27777,5024,20.11,29588,507,2.03,26302,99,24987,46324,74,70
1668040106,2022-11-09 18:28:26 -0600,5a8cc48e563288b946914ba3e1e6471722ff0859,IL,17001,2,2022-11-09T01:00:00.000Z,FIPSCode,17001,0,2022-11-09T19:36:26.801Z,74,95.0,74,100,29197,19456,77.86,27777,5024,20.11,29588,507,2.03,26302,99,24987,46324,74,70
1668042677,2022-11-09 19:11:17 -0600,0b14c3d1c32073c33d0d7452ed0510a095a2ca13,IL,17001,2,2022-11-09T01:00:00.000Z,FIPSCode,17001,0,2022-11-09T19:36:26.801Z,74,95.0,74,100,29197,19456,77.86,27777,5024,20.11,29588,507,2.03,26302,99,24987,46324,74,70
1668050170,2022-11-09 21:16:10 -0600,f27a08527fef6503702572302c84f915e34224c0,IL,17001,2,2022-11-09T01:00:00.000Z,FIPSCode,17001,0,2022-11-10T03:14:40.795Z,74,95.0,74,100,29197,19456,77.86,27777,5024,20.11,29588,507,2.03,26302,99,24987,46324,74,70
1668050213,2022-11-09 21:16:53 -0600,e0e023917405ad36ec4b6ed6ca8dd4c20a57843a,IL,17001,2,2022-11-09T01:00:00.000Z,FIPSCode,17001,0,2022-11-10T03:15:14.279Z,74,99.0,74,100,29197,19456,77.86,27777,5024,20.11,29588,507,2.03,25239,99,24987,46324,74,73
1668050467,2022-11-09 21:21:07 -0600,132ac9a1ba61f2ec088fe4903626e9865bcfcf1b,IL,17001,2,2022-11-09T01:00:00.000Z,FIPSCode,17001,0,2022-11-10T03:15:14.279Z,74,99.0,74,100,29197,19456,77.86,27777,5024,20.11,29588,507,2.03,25239,99,24987,46324,74,73
1668053713,2022-11-09 22:15:13 -0600,46ff1b19ac6764a2db16102cdbc0e75cec64f16a,IL,17001,2,2022-11-09T01:00:00.000Z,FIPSCode,17001,0,2022-11-10T03:15:14.279Z,74,99.0,74,100,29197,19456,77.86,27777,5024,20.11,29588,507,2.03,25239,99,24987,46324,74,73
1668054542,2022-11-09 22:29:02 -0600,0dd7768d2af1d742dabc646b7167934a3c710647,IL,17001,2,2022-11-09T01:00:00.000Z,FIPSCode,17001,0,2022-11-10T03:15:14.279Z,74,99.0,74,100,29197,19456,77.86,27777,5024,20.11,29588,507,2.03,25239,99,24987,46324,74,73
1668054955,2022-11-09 22:35:55 -0600,64f74135cf160eea79395c8fe8da2f5dd6fffebc,IL,17001,2,2022-11-09T01:00:00.000Z,FIPSCode,17001,0,2022-11-10T03:15:14.279Z,74,99.0,74,100,29197,19456,77.86,27777,5024,20.11,29588,507,2.03,25239,99,24987,46324,74,73
1668055129,2022-11-09 22:38:49 -0600,c6bf2af94b1e1e38f247b8b1d62bd6494ed87b76,IL,17001,2,2022-11-09T01:00:00.000Z,FIPSCode,17001,0,2022-11-10T03:15:14.279Z,74,99.0,74,100,29197,19456,77.86,27777,5024,20.11,29588,507,2.03,25239,99,24987,46324,74,73
1668055508,2022-11-09 22:45:08 -0600,af6e3db67df1895812c9c9865d657307707e5cc7,IL,17001,2,2022-11-09T01:00:00.000Z,FIPSCode,17001,0,2022-11-10T03:15:14.279Z,74,99.0,74,100,29197,19456,77.86,27777,5024,20.11,29588,507,2.03,25239,99,24987,46324,74,73
1668055715,2022-11-09 22:48:35 -0600,4d34820ac54784cebc98bb9319986b6bf35a1e0c,IL,17001,2,2022-11-09T01:00:00.000Z,FIPSCode,17001,0,2022-11-10T03:15:14.279Z,74,99.0,74,100,29197,19456,77.86,27777,5024,20.11,29588,507,2.03,25239,99,24987,46324,74,73
1668098673,2022-11-10 10:44:33 -0600,aa57ad6aa691fffe7e370f5dc6b7aeea8579c187,IL,17001,2,2022-11-09T01:00:00.000Z,FIPSCode,17001,0,2022-11-10T03:15:14.279Z,74,99.0,74,100,29197,19456,77.86,27777,5024,20.11,29588,507,2.03,25239,99,24987,46324,74,73
1668098924,2022-11-10 10:48:44 -0600,711b211c723dbfa7124ce44369bec5c73160f008,IL,17001,2,2022-11-09T01:00:00.000Z,FIPSCode,17001,0,2022-11-10T03:15:14.279Z,74,99.0,74,100,29197,19456,77.86,27777,5024,20.11,29588,507,2.03,25239,99,24987,46324,74,73
1668106450,2022-11-10 12:54:10 -0600,45fa7af1c024eaa743f68de1ca90746b9af54fc8,IL,17001,2,2022-11-09T01:00:00.000Z,FIPSCode,17001,0,2022-11-10T03:15:14.279Z,74,99.0,74,100,29197,19456,77.86,27777,5024,20.11,29588,507,2.03,25239,99,24987,46324,74,73
1668106662,2022-11-10 12:57:42 -0600,41315b76605929c9d858a6aade05dfec1260a394,IL,17001,2,2022-11-09T01:00:00.000Z,FIPSCode,17001,0,2022-11-10T03:15:14.279Z,74,99.0,74,100,29197,19456,77.86,27777,5024,20.11,29588,507,2.03,25239,99,24987,46324,74,73
1668108680,2022-11-10 13:31:20 -0600,b12445dae27ac1777ad53520b637c33ff85f3a13,IL,17001,2,2022-11-09T01:00:00.000Z,FIPSCode,17001,0,2022-11-10T03:15:14.279Z,74,99.0,74,100,29197,19456,77.86,27777,5024,20.11,29588,507,2.03,25239,99,24987,46324,74,73
1668108764,2022-11-10 13:32:44 -0600,9c0bbb3422cca178c1e2ccffbf978eaed523c368,IL,17001,2,2022-11-09T01:00:00.000Z,FIPSCode,17001,0,2022-11-10T03:15:14.279Z,74,99.0,74,100,29197,19456,77.86,27777,5024,20.11,29588,507,2.03,25239,99,24987,46324,74,73
1668108935,2022-11-10 13:35:35 -0600,596577dcae983922edd7e2a9286de1cedd2d89ac,IL,17001,2,2022-11-09T01:00:00.000Z,FIPSCode,17001,0,2022-11-10T03:15:14.279Z,74,99.0,74,100,29197,19456,77.86,27777,5024,20.11,29588,507,2.03,25239,99,24987,46324,74,73
1668109654,2022-11-10 13:47:34 -0600,126ee85ca6478b8781ea578223e8cead78cc4295,IL,17001,2,2022-11-09T01:00:00.000Z,FIPSCode,17001,0,2022-11-10T03:15:14.279Z,74,99.0,74,100,29197,19456,77.86,27777,5024,20.11,29588,507,2.03,25239,99,24987,46324,74,73
1668110116,2022-11-10 13:55:16 -0600,6e41bcea807413798d7f824f735a506ef65ffdf8,IL,17001,2,2022-11-09T01:00:00.000Z,FIPSCode,17001,0,2022-11-10T03:15:14.279Z,74,99.0,74,100,29197,19456,77.86,27777,5024,20.11,29588,507,2.03,25239,99,24987,46324,74,73
1668111726,2022-11-10 14:22:06 -0600,6f090874a065e031d5ac43441a769f69fb0dfbad,IL,17001,2,2022-11-09T01:00:00.000Z,FIPSCode,17001,0,2022-11-10T03:15:14.279Z,74,99.0,74,100,29197,19456,77.86,27777,5024,20.11,29588,507,2.03,25239,99,24987,46324,74,73
1668111772,2022-11-10 14:22:52 -0600,997ef001e053942c95f23b5ceb73f497bc0914cf,IL,17001,2,2022-11-09T01:00:00.000Z,FIPSCode,17001,0,2022-11-10T03:15:14.279Z,74,99.0,74,100,29197,19456,77.86,27777,5024,20.11,29588,507,2.03,25239,99,24987,46324,74,73
1668117571,2022-11-10 15:59:31 -0600,655cf5bc073626bd6e59a1a2d0738ff0dde2cded,IL,17001,2,2022-11-09T01:00:00.000Z,FIPSCode,17001,0,2022-11-10T03:15:14.279Z,74,99.0,74,100,29197,19456,77.86,27777,5024,20.11,29588,507,2.03,25239,99,24987,46324,74,73
1668118201,2022-11-10 16:10:01 -0600,f8cf5188b160daa553482628931dbe1645a2abaf,IL,17001,2,2022-11-09T01:00:00.000Z,FIPSCode,17001,0,2022-11-10T03:15:14.279Z,74,99.0,74,100,29197,19456,77.86,27777,5024,20.11,29588,507,2.03,25239,99,24987,46324,74,73
1668118838,2022-11-10 16:20:38 -0600,e724842cc8de0debe83b0f8d65ee00551f92f05c,IL,17001,2,2022-11-09T01:00:00.000Z,FIPSCode,17001,0,2022-11-10T03:15:14.279Z,74,99.0,74,100,29197,19456,77.86,27777,5024,20.11,29588,507,2.03,25239,99,24987,46324,74,73
1668120053,2022-11-10 16:40:53 -0600,bd0a28d489420a25b7d50be447c2eb47ae09114b,IL,17001,2,2022-11-09T01:00:00.000Z,FIPSCode,17001,0,2022-11-10T03:15:14.279Z,74,99.0,74,100,29197,19456,77.86,27777,5024,20.11,29588,507,2.03,25239,99,24987,46324,74,73
1668120474,2022-11-10 16:47:54 -0600,8015256161fedcaa7dd72a4e1a381213e8fe1b52,IL,17001,2,2022-11-09T01:00:00.000Z,FIPSCode,17001,0,2022-11-10T03:15:14.279Z,74,99.0,74,100,29197,19456,77.86,27777,5024,20.11,29588,507,2.03,25239,99,24987,46324,74,73
1668124690,2022-11-10 17:58:10 -0600,9c765b49f8c66153097719ed3f31367c8822f316,IL,17001,2,2022-11-09T01:00:00.000Z,FIPSCode,17001,0,2022-11-10T03:15:14.279Z,74,99.0,74,100,29197,19456,77.86,27777,5024,20.11,29588,507,2.03,25239,99,24987,46324,74,73
1668124774,2022-11-10 17:59:34 -0600,fe13f64ac6086b0e7fe8bd699826ad2d61a8961c,IL,17001,2,2022-11-09T01:00:00.000Z,FIPSCode,17001,0,2022-11-10T03:15:14.279Z,74,99.0,74,100,29197,19456,77.86,27777,5024,20.11,29588,507,2.03,25239,99,24987,46324,74,73
1668125620,2022-11-10 18:13:40 -0600,49f5e2e752c1d5229933ddebde4a8bb3cef9f96e,IL,17001,2,2022-11-09T01:00:00.000Z,FIPSCode,17001,0,2022-11-10T03:15:14.279Z,74,99.0,74,100,29197,19456,77.86,27777,5024,20.11,29588,507,2.03,25239,99,24987,46324,74,73
1668127884,2022-11-10 18:51:24 -0600,12601806a85729b8fa010a3c1b25c0d57904a782,IL,17001,2,2022-11-09T01:00:00.000Z,FIPSCode,17001,0,2022-11-10T03:15:14.279Z,74,99.0,74,100,29197,19456,77.86,27777,5024,20.11,29588,507,2.03,25239,99,24987,46324,74,73
1668132059,2022-11-10 20:00:59 -0600,ff61223a1a6c892d9f942413f7132d00f5fc6019,IL,17001,2,2022-11-09T01:00:00.000Z,FIPSCode,17001,0,2022-11-10T03:15:14.279Z,74,99.0,74,100,29197,19456,77.86,27777,5024,20.11,29588,507,2.03,25239,99,24987,46324,74,73
1668132184,2022-11-10 20:03:04 -0600,29b6a6cbfa3fdf185996b1e0c3a72529dcc5fce2,IL,17001,2,2022-11-09T01:00:00.000Z,FIPSCode,17001,0,2022-11-10T03:15:14.279Z,74,99.0,74,100,29197,19456,77.86,27777,5024,20.11,29588,507,2.03,25239,99,24987,46324,74,73
1668132268,2022-11-10 20:04:28 -0600,36bccb042251917fa001b4c34071a8f0b3130a89,IL,17001,2,2022-11-09T01:00:00.000Z,FIPSCode,17001,0,2022-11-10T03:15:14.279Z,74,99.0,74,100,29197,19456,77.86,27777,5024,20.11,29588,507,2.03,25239,99,24987,46324,74,73
1668132904,2022-11-10 20:15:04 -0600,fd2f984898005bb9d91adb0155cdf296302c13b2,IL,17001,2,2022-11-09T01:00:00.000Z,FIPSCode,17001,0,2022-11-10T03:15:14.279Z,74,99.0,74,100,29197,19456,77.86,27777,5024,20.11,29588,507,2.03,25239,99,24987,46324,74,73
1668133159,2022-11-10 20:19:19 -0600,428daa23d8dee24a8d4e7c79569b2f1f3408139c,IL,17001,2,2022-11-09T01:00:00.000Z,FIPSCode,17001,0,2022-11-10T03:15:14.279Z,74,99.0,74,100,29197,19456,77.86,27777,5024,20.11,29588,507,2.03,25239,99,24987,46324,74,73
1668136189,2022-11-10 21:09:49 -0600,7b939f2d7514067553925a9c34e30176950dbe0e,IL,17001,2,2022-11-09T01:00:00.000Z,FIPSCode,17001,0,2022-11-10T03:15:14.279Z,74,99.0,74,100,29197,19456,77.86,27777,5024,20.11,29588,507,2.03,25239,99,24987,46324,74,73
1668136443,2022-11-10 21:14:03 -0600,b932b07b356787590ed4f3905974f658b20eb725,IL,17001,2,2022-11-09T01:00:00.000Z,FIPSCode,17001,0,2022-11-10T03:15:14.279Z,74,99.0,74,100,29197,19456,77.86,27777,5024,20.11,29588,507,2.03,25239,99,24987,46324,74,73
1668169798,2022-11-11 06:29:58 -0600,9aa60d2d589c4af1c20433c7753b175f21cc33bc,IL,17001,2,2022-11-09T01:00:00.000Z,FIPSCode,17001,0,2022-11-10T03:15:14.279Z,74,99.0,74,100,29197,19456,77.86,27777,5024,20.11,29588,507,2.03,25239,99,24987,46324,74,73
1668170197,2022-11-11 06:36:37 -0600,74be934cb6314912c1c2858bb53f18f6edbe9bb1,IL,17001,2,2022-11-09T01:00:00.000Z,FIPSCode,17001,0,2022-11-10T03:15:14.279Z,74,99.0,74,100,29197,19456,77.86,27777,5024,20.11,29588,507,2.03,25239,99,24987,46324,74,73
1668170276,2022-11-11 06:37:56 -0600,d0ea77d4f94408d4fe9ff676ece8f4ea33548542,IL,17001,2,2022-11-09T01:00:00.000Z,FIPSCode,17001,0,2022-11-10T03:15:14.279Z,74,99.0,74,100,29197,19456,77.86,27777,5024,20.11,29588,507,2.03,25239,99,24987,46324,74,73
1668170318,2022-11-11 06:38:38 -0600,1cf68dcc17ab68fc66bde65baeaddf12637691d4,IL,17001,2,2022-11-09T01:00:00.000Z,FIPSCode,17001,0,2022-11-10T03:15:14.279Z,74,99.0,74,100,29197,19456,77.86,27777,5024,20.11,29588,507,2.03,25239,99,24987,46324,74,73
1668170883,2022-11-11 06:48:03 -0600,95e6e0257d200d8418ca1afa4053851b8680b8bc,IL,17001,2,2022-11-09T01:00:00.000Z,FIPSCode,17001,0,2022-11-10T03:15:14.279Z,74,99.0,74,100,29197,19456,77.86,27777,5024,20.11,29588,507,2.03,25239,99,24987,46324,74,73
1668171402,2022-11-11 06:56:42 -0600,e45d44627f683daab24ef75f228819bf334720eb,IL,17001,2,2022-11-09T01:00:00.000Z,FIPSCode,17001,0,2022-11-10T03:15:14.279Z,74,99.0,74,100,29197,19456,77.86,27777,5024,20.11,29588,507,2.03,25239,99,24987,46324,74,73
1668171889,2022-11-11 07:04:49 -0600,d074d3f776f7e1458ebff3636d959492492bf2b9,IL,17001,2,2022-11-09T01:00:00.000Z,FIPSCode,17001,0,2022-11-10T03:15:14.279Z,74,99.0,74,100,29197,19456,77.86,27777,5024,20.11,29588,507,2.03,25239,99,24987,46324,74,73
1668179592,2022-11-11 09:13:12 -0600,8de74cc231931d08b270f83aef5ae20a7d753fb8,IL,17001,2,2022-11-09T01:00:00.000Z,FIPSCode,17001,0,2022-11-10T03:15:14.279Z,74,99.0,74,100,29197,19456,77.86,27777,5024,20.11,29588,507,2.03,25239,99,24987,46324,74,73
1668182522,2022-11-11 10:02:02 -0600,1195dfe9a7c2870853cdaf816d25c0535d383812,IL,17001,2,2022-11-09T01:00:00.000Z,FIPSCode,17001,0,2022-11-10T03:15:14.279Z,74,99.0,74,100,29197,19456,77.86,27777,5024,20.11,29588,507,2.03,25239,99,24987,46324,74,73
1668183393,2022-11-11 10:16:33 -0600,9c59ec95506dcf948602e9b811b995c3949cb1f3,IL,17001,2,2022-11-09T01:00:00.000Z,FIPSCode,17001,0,2022-11-10T03:15:14.279Z,74,99.0,74,100,29197,19456,77.86,27777,5024,20.11,29588,507,2.03,25239,99,24987,46324,74,73
1668187347,2022-11-11 11:22:27 -0600,daacb8ab680f591ad126bd9af6f8c85a11fd202c,IL,17001,2,2022-11-09T01:00:00.000Z,FIPSCode,17001,0,2022-11-10T03:15:14.279Z,74,99.0,74,100,29197,19456,77.86,27777,5024,20.11,29588,507,2.03,25239,99,24987,46324,74,73
1668187601,2022-11-11 11:26:41 -0600,e465a18201751584543f90ad160c090a1ca1b8f1,IL,17001,2,2022-11-09T01:00:00.000Z,FIPSCode,17001,0,2022-11-10T03:15:14.279Z,74,99.0,74,100,29197,19456,77.86,27777,5024,20.11,29588,507,2.03,25239,99,24987,46324,74,73
1668190966,2022-11-11 12:22:46 -0600,cada30d98ff9bb45e61b3c8c98bb91e43c916bbc,IL,17001,2,2022-11-09T01:00:00.000Z,FIPSCode,17001,0,2022-11-10T03:15:14.279Z,74,99.0,74,100,29197,19456,77.86,27777,5024,20.11,29588,507,2.03,25239,99,24987,46324,74,73
1668193411,2022-11-11 13:03:31 -0600,636108b9ac56f024bcbd8bb2d136731675113e96,IL,17001,2,2022-11-09T01:00:00.000Z,FIPSCode,17001,0,2022-11-10T03:15:14.279Z,74,99.0,74,100,29197,19456,77.86,27777,5024,20.11,29588,507,2.03,25239,99,24987,46324,74,73
1668195786,2022-11-11 13:43:06 -0600,39060a19b58f5335dfd15eb8a1e4fe6088a6e827,IL,17001,2,2022-11-09T01:00:00.000Z,FIPSCode,17001,0,2022-11-10T03:15:14.279Z,74,99.0,74,100,29197,19456,77.86,27777,5024,20.11,29588,507,2.03,25239,99,24987,46324,74,73
1668197169,2022-11-11 14:06:09 -0600,1a06e17fe97aebd5ec3fe86f4cee3a48a03acd10,IL,17001,2,2022-11-09T01:00:00.000Z,FIPSCode,17001,0,2022-11-10T03:15:14.279Z,74,99.0,74,100,29197,19456,77.86,27777,5024,20.11,29588,507,2.03,25239,99,24987,46324,74,73
1668197968,2022-11-11 14:19:28 -0600,16b425a1ea7ecc094709953f7d024e85fe188462,IL,17001,2,2022-11-09T01:00:00.000Z,FIPSCode,17001,0,2022-11-10T03:15:14.279Z,74,99.0,74,100,29197,19456,77.86,27777,5024,20.11,29588,507,2.03,25239,99,24987,46324,74,73
1668198055,2022-11-11 14:20:55 -0600,512a919c0fcc35ce661b40f9f4a1baeef5947648,IL,17001,2,2022-11-09T01:00:00.000Z,FIPSCode,17001,0,2022-11-10T03:15:14.279Z,74,99.0,74,100,29197,19456,77.86,27777,5024,20.11,29588,507,2.03,25239,99,24987,46324,74,73
1668198139,2022-11-11 14:22:19 -0600,d5352db8c21e1d5f92355d772edf5badadfa16fb,IL,17001,2,2022-11-09T01:00:00.000Z,FIPSCode,17001,0,2022-11-10T03:15:14.279Z,74,99.0,74,100,29197,19456,77.86,27777,5024,20.11,29588,507,2.03,25239,99,24987,46324,74,73
1668198810,2022-11-11 14:33:30 -0600,b172cfcd149f7d6fac50c8d7135ace8d064938a4,IL,17001,2,2022-11-09T01:00:00.000Z,FIPSCode,17001,0,2022-11-10T03:15:14.279Z,74,99.0,74,100,29197,19456,77.86,27777,5024,20.11,29588,507,2.03,25239,99,24987,46324,74,73
1668200897,2022-11-11 15:08:17 -0600,8d442764f22c3caeda49b7fe73acff0598adcc87,IL,17001,2,2022-11-09T01:00:00.000Z,FIPSCode,17001,0,2022-11-10T03:15:14.279Z,74,99.0,74,100,29197,19456,77.86,27777,5024,20.11,29588,507,2.03,25239,99,24987,46324,74,73
1668201558,2022-11-11 15:19:18 -0600,31d4a4a5c4469bf0ca596e5026e2b1c5b420e7af,IL,17001,2,2022-11-09T01:00:00.000Z,FIPSCode,17001,0,2022-11-10T03:15:14.279Z,74,99.0,74,100,29197,19456,77.86,27777,5024,20.11,29588,507,2.03,25239,99,24987,46324,74,73
1668202018,2022-11-11 15:26:58 -0600,bc7a18335d0a8a95e7d71af31b8fb6538be72a87,IL,17001,2,2022-11-09T01:00:00.000Z,FIPSCode,17001,0,2022-11-10T03:15:14.279Z,74,99.0,74,100,29197,19456,77.86,27777,5024,20.11,29588,507,2.03,25239,99,24987,46324,74,73
1668202975,2022-11-11 15:42:55 -0600,dd0255ddda1dec5848aaec0438dbb249ce665124,IL,17001,2,2022-11-09T01:00:00.000Z,FIPSCode,17001,0,2022-11-10T03:15:14.279Z,74,99.0,74,100,29197,19456,77.86,27777,5024,20.11,29588,507,2.03,25239,99,24987,46324,74,73
1668203098,2022-11-11 15:44:58 -0600,4abd2e6828d9f842c075b239b968e43537d2c6b2,IL,17001,2,2022-11-09T01:00:00.000Z,FIPSCode,17001,0,2022-11-10T03:15:14.279Z,74,99.0,74,100,29197,19456,77.86,27777,5024,20.11,29588,507,2.03,25239,99,24987,46324,74,73
1668207193,2022-11-11 16:53:13 -0600,488c073b78bbbd270c13516b08ea5ae57d0b328e,IL,17001,2,2022-11-09T01:00:00.000Z,FIPSCode,17001,0,2022-11-10T03:15:14.279Z,74,99.0,74,100,29197,19456,77.86,27777,5024,20.11,29588,507,2.03,25239,99,24987,46324,74,73
1668207486,2022-11-11 16:58:06 -0600,a8ec60ea55e004937ec5d5744693a101f701b738,IL,17001,2,2022-11-09T01:00:00.000Z,FIPSCode,17001,0,2022-11-10T03:15:14.279Z,74,99.0,74,100,29197,19456,77.86,27777,5024,20.11,29588,507,2.03,25239,99,24987,46324,74,73
1668207787,2022-11-11 17:03:07 -0600,5edba85562262c34cf7b91c485b2ceca6bd9b1e2,IL,17001,2,2022-11-09T01:00:00.000Z,FIPSCode,17001,0,2022-11-10T03:15:14.279Z,74,99.0,74,100,29197,19456,77.86,27777,5024,20.11,29588,507,2.03,25239,99,24987,46324,74,73
1668207911,2022-11-11 17:05:11 -0600,082e666e87796fa29c29b535031c8ec15fd1740e,IL,17001,2,2022-11-09T01:00:00.000Z,FIPSCode,17001,0,2022-11-10T03:15:14.279Z,74,99.0,74,100,29197,19456,77.86,27777,5024,20.11,29588,507,2.03,25239,99,24987,46324,74,73
1668208244,2022-11-11 17:10:44 -0600,482378168dd4067092ea6dd0e360510ecea59073,IL,17001,2,2022-11-09T01:00:00.000Z,FIPSCode,17001,0,2022-11-10T03:15:14.279Z,74,99.0,74,100,29197,19456,77.86,27777,5024,20.11,29588,507,2.03,25239,99,24987,46324,74,73
1668208751,2022-11-11 17:19:11 -0600,e542385930d5e3d287244353427166ab4dd93da4,IL,17001,2,2022-11-09T01:00:00.000Z,FIPSCode,17001,0,2022-11-10T03:15:14.279Z,74,99.0,74,100,29197,19456,77.86,27777,5024,20.11,29588,507,2.03,25239,99,24987,46324,74,73
1668209043,2022-11-11 17:24:03 -0600,5c82d03702f84cbce6bdad74f61e3079bc36410b,IL,17001,2,2022-11-09T01:00:00.000Z,FIPSCode,17001,0,2022-11-10T03:15:14.279Z,74,99.0,74,100,29197,19456,77.86,27777,5024,20.11,29588,507,2.03,25239,99,24987,46324,74,73
1668210134,2022-11-11 17:42:14 -0600,eff25d5e153e65241811a6bd3e37c5ad8a51e8ff,IL,17001,2,2022-11-09T01:00:00.000Z,FIPSCode,17001,0,2022-11-10T03:15:14.279Z,74,99.0,74,100,29197,19456,77.86,27777,5024,20.11,29588,507,2.03,25239,99,24987,46324,74,73
1668210971,2022-11-11 17:56:11 -0600,0597db082e73ce449c8b95e9095bd78cc7baab37,IL,17001,2,2022-11-09T01:00:00.000Z,FIPSCode,17001,0,2022-11-10T03:15:14.279Z,74,99.0,74,100,29197,19456,77.86,27777,5024,20.11,29588,507,2.03,25239,99,24987,46324,74,73
1668211474,2022-11-11 18:04:34 -0600,ee8a895d6729c246ee203ed0b601bf39607ac12f,IL,17001,2,2022-11-09T01:00:00.000Z,FIPSCode,17001,0,2022-11-10T03:15:14.279Z,74,99.0,74,100,29197,19456,77.86,27777,5024,20.11,29588,507,2.03,25239,99,24987,46324,74,73
1668211558,2022-11-11 18:05:58 -0600,eb59cbea94ea39fec8ebcc032c6fc06a14cdcb64,IL,17001,2,2022-11-09T01:00:00.000Z,FIPSCode,17001,0,2022-11-10T03:15:14.279Z,74,99.0,74,100,29197,19456,77.86,27777,5024,20.11,29588,507,2.03,25239,99,24987,46324,74,73
1668211811,2022-11-11 18:10:11 -0600,b3fec5a78f8ef932a8a0e81adc32c57f12689476,IL,17001,2,2022-11-09T01:00:00.000Z,FIPSCode,17001,0,2022-11-10T03:15:14.279Z,74,99.0,74,100,29197,19456,77.86,27777,5024,20.11,29588,507,2.03,25239,99,24987,46324,74,73
1668211980,2022-11-11 18:13:00 -0600,03d2bed4d85dd6d8ab8ddc7e84d4914541884d97,IL,17001,2,2022-11-09T01:00:00.000Z,FIPSCode,17001,0,2022-11-10T03:15:14.279Z,74,99.0,74,100,29197,19456,77.86,27777,5024,20.11,29588,507,2.03,25239,99,24987,46324,74,73
1668216814,2022-11-11 19:33:34 -0600,1b7a99be87f749ad9af95f57571352986e443a80,IL,17001,2,2022-11-09T01:00:00.000Z,FIPSCode,17001,0,2022-11-10T03:15:14.279Z,74,99.0,74,100,29197,19456,77.86,27777,5024,20.11,29588,507,2.03,25239,99,24987,46324,74,73
1668380304,2022-11-13 16:58:24 -0600,6aa4c927f18ca89ee1146971ba98476be3e35ae6,IL,17001,2,2022-11-09T01:00:00.000Z,FIPSCode,17001,0,2022-11-10T03:15:14.279Z,74,99.0,74,100,29197,19456,77.86,27777,5024,20.11,29588,507,2.03,25239,99,24987,46324,74,73
1668381973,2022-11-13 17:26:13 -0600,7193e064c325bcb0e3297df48998a53659cb92f0,IL,17001,2,2022-11-09T01:00:00.000Z,FIPSCode,17001,0,2022-11-10T03:15:14.279Z,74,99.0,74,100,29197,19456,77.86,27777,5024,20.11,29588,507,2.03,25239,99,24987,46324,74,73
1668382610,2022-11-13 17:36:50 -0600,71a5dda199b4f4f6e16f2a0f0bcee47261372549,IL,17001,2,2022-11-09T01:00:00.000Z,FIPSCode,17001,0,2022-11-10T03:15:14.279Z,74,99.0,74,100,29197,19456,77.86,27777,5024,20.11,29588,507,2.03,25239,99,24987,46324,74,73
1668382645,2022-11-13 17:37:25 -0600,c140298552cae63c5f1ede93dd6a6e5d4bb6db0b,IL,17001,2,2022-11-09T01:00:00.000Z,FIPSCode,17001,0,2022-11-10T03:15:14.279Z,74,99.0,74,100,29197,19456,77.86,27777,5024,20.11,29588,507,2.03,25239,99,24987,46324,74,73
1668382766,2022-11-13 17:39:26 -0600,4322395d470a0853e4b5bf65c3fb45560977f870,IL,17001,2,2022-11-09T01:00:00.000Z,FIPSCode,17001,0,2022-11-10T03:15:14.279Z,74,99.0,74,100,29197,19456,77.86,27777,5024,20.11,29588,507,2.03,25239,99,24987,46324,74,73
1668382853,2022-11-13 17:40:53 -0600,cce9ced508dc3baa8ad56548cd28b5255219b717,IL,17001,2,2022-11-09T01:00:00.000Z,FIPSCode,17001,0,2022-11-10T03:15:14.279Z,74,99.0,74,100,29197,19456,77.86,27777,5024,20.11,29588,507,2.03,25239,99,24987,46324,74,73
1668383619,2022-11-13 17:53:39 -0600,60b3854f1f80d2ff71ec295288565259e16eb423,IL,17001,2,2022-11-09T01:00:00.000Z,FIPSCode,17001,0,2022-11-10T03:15:14.279Z,74,99.0,74,100,29197,19456,77.86,27777,5024,20.11,29588,507,2.03,25239,99,24987,46324,74,73
1668383672,2022-11-13 17:54:32 -0600,d6dc295d3ee4d7fa86c17c964805c710d1dd1975,IL,17001,2,2022-11-09T01:00:00.000Z,FIPSCode,17001,0,2022-11-10T03:15:14.279Z,74,99.0,74,100,29197,19456,77.86,27777,5024,20.11,29588,507,2.03,25239,99,24987,46324,74,73
1668383736,2022-11-13 17:55:36 -0600,1dc1185bb6331a8a15dcedae5b18a2694bb031ba,IL,17001,2,2022-11-09T01:00:00.000Z,FIPSCode,17001,0,2022-11-10T03:15:14.279Z,74,99.0,74,100,29197,19456,77.86,27777,5024,20.11,29588,507,2.03,25239,99,24987,46324,74,73
1668384032,2022-11-13 18:00:32 -0600,54d176734246f3edce10f490db8bd12439421840,IL,17001,2,2022-11-09T01:00:00.000Z,FIPSCode,17001,0,2022-11-10T03:15:14.279Z,74,99.0,74,100,29197,19456,77.86,27777,5024,20.11,29588,507,2.03,25239,99,24987,46324,74,73
1668384079,2022-11-13 18:01:19 -0600,e9703ce9d7ae835926d729f9d89f3e8129cc673b,IL,17001,2,2022-11-09T01:00:00.000Z,FIPSCode,17001,0,2022-11-10T03:15:14.279Z,74,99.0,74,100,29197,19456,77.86,27777,5024,20.11,29588,507,2.03,25239,99,24987,46324,74,73
1668384097,2022-11-13 18:01:37 -0600,51cddf3f7316bb53b7feb9d2af5d8dce2f9df1a0,IL,17001,2,2022-11-09T01:00:00.000Z,FIPSCode,17001,0,2022-11-10T03:15:14.279Z,74,99.0,74,100,29197,19456,77.86,27777,5024,20.11,29588,507,2.03,25239,99,24987,46324,74,73
1668384659,2022-11-13 18:10:59 -0600,74379e3e2cf2925a3d663d2a0edf27446b49c692,IL,17001,2,2022-11-09T01:00:00.000Z,FIPSCode,17001,0,2022-11-10T03:15:14.279Z,74,99.0,74,100,29197,19456,77.86,27777,5024,20.11,29588,507,2.03,25239,99,24987,46324,74,73
1668384983,2022-11-13 18:16:23 -0600,918fd2601cc188c52aefde537af164b6d2128d0a,IL,17001,2,2022-11-09T01:00:00.000Z,FIPSCode,17001,0,2022-11-10T03:15:14.279Z,74,99.0,74,100,29197,19456,77.86,27777,5024,20.11,29588,507,2.03,25239,99,24987,46324,74,73
1668444724,2022-11-14 10:52:04 -0600,cf6edd50a721fca8ea7b455ae24965e9df625dc2,IL,17001,2,2022-11-09T01:00:00.000Z,FIPSCode,17001,0,2022-11-10T03:15:14.279Z,74,99.0,74,100,29197,19456,77.86,27777,5024,20.11,29588,507,2.03,25239,99,24987,46324,74,73
1668444804,2022-11-14 10:53:24 -0600,fe63883aa740869ff6bd6c218b79b0f6ea705f95,IL,17001,2,2022-11-09T01:00:00.000Z,FIPSCode,17001,0,2022-11-10T03:15:14.279Z,74,99.0,74,100,29197,19456,77.86,27777,5024,20.11,29588,507,2.03,25239,99,24987,46324,74,73
1668445320,2022-11-14 11:02:00 -0600,f122877393142a2e6b9df012cf444712cbb92317,IL,17001,2,2022-11-09T01:00:00.000Z,FIPSCode,17001,0,2022-11-10T03:15:14.279Z,74,99.0,74,100,29197,19456,77.86,27777,5024,20.11,29588,507,2.03,25239,99,24987,46324,74,73
1668445983,2022-11-14 11:13:03 -0600,f0c62edd0de8bda92b8a2d05f77f2bbd30d3bcc0,IL,17001,2,2022-11-09T01:00:00.000Z,FIPSCode,17001,0,2022-11-10T03:15:14.279Z,74,99.0,74,100,29197,19456,77.86,27777,5024,20.11,29588,507,2.03,25239,99,24987,46324,74,73
1668447279,2022-11-14 11:34:39 -0600,571d1a9e2cf983a5bce0906e11cef01f36bb5560,IL,17001,2,2022-11-09T01:00:00.000Z,FIPSCode,17001,0,2022-11-10T03:15:14.279Z,74,99.0,74,100,29197,19456,77.86,27777,5024,20.11,29588,507,2.03,25239,99,24987,46324,74,73
1668447285,2022-11-14 11:34:45 -0600,0e2e385898f9b0b3d1949715c048240d22af1ba3,IL,17001,2,2022-11-09T01:00:00.000Z,FIPSCode,17001,0,2022-11-10T03:15:14.279Z,74,99.0,74,100,29197,19456,77.86,27777,5024,20.11,29588,507,2.03,25239,99,24987,46324,74,73
1668447413,2022-11-14 11:36:53 -0600,854c653710d1ea6263a6fdd00c8a48183c2bf378,IL,17001,2,2022-11-09T01:00:00.000Z,FIPSCode,17001,0,2022-11-10T03:15:14.279Z,74,99.0,74,100,29197,19456,77.86,27777,5024,20.11,29588,507,2.03,25239,99,24987,46324,74,73
1668447867,2022-11-14 11:44:27 -0600,2e91d48f1e355cf48c4a1ddabf7d5d69550d7974,IL,17001,2,2022-11-09T01:00:00.000Z,FIPSCode,17001,0,2022-11-10T03:15:14.279Z,74,99.0,74,100,29197,19456,77.86,27777,5024,20.11,29588,507,2.03,25239,99,24987,46324,74,73
1668448070,2022-11-14 11:47:50 -0600,fe028349e6a119d5fbe24b8226ddb141e76a388f,IL,17001,2,2022-11-09T01:00:00.000Z,FIPSCode,17001,0,2022-11-10T03:15:14.279Z,74,99.0,74,100,29197,19456,77.86,27777,5024,20.11,29588,507,2.03,25239,99,24987,46324,74,73
1668450815,2022-11-14 12:33:35 -0600,f285b1267e91b86228be5577954a3ebbca0fa068,IL,17001,2,2022-11-09T01:00:00.000Z,FIPSCode,17001,0,2022-11-10T03:15:14.279Z,74,99.0,74,100,29197,19456,77.86,27777,5024,20.11,29588,507,2.03,25239,99,24987,46324,74,73
1668450923,2022-11-14 12:35:23 -0600,c0306ec18b44b1b7e19eabc79488851c76c8ce8c,IL,17001,2,2022-11-09T01:00:00.000Z,FIPSCode,17001,0,2022-11-10T03:15:14.279Z,74,99.0,74,100,29197,19456,77.86,27777,5024,20.11,29588,507,2.03,25239,99,24987,46324,74,73
1668451001,2022-11-14 12:36:41 -0600,5fa902587cc41c283e798030aef0476212ebae10,IL,17001,2,2022-11-09T01:00:00.000Z,FIPSCode,17001,0,2022-11-10T03:15:14.279Z,74,99.0,74,100,29197,19456,77.86,27777,5024,20.11,29588,507,2.03,25239,99,24987,46324,74,73
1668455968,2022-11-14 13:59:28 -0600,6f1dc499f4d118706dac12a226e964081f1df25c,IL,17001,2,2022-11-09T01:00:00.000Z,FIPSCode,17001,0,2022-11-10T03:15:14.279Z,74,99.0,74,100,29197,19456,77.86,27777,5024,20.11,29588,507,2.03,25239,99,24987,46324,74,73
1668456413,2022-11-14 14:06:53 -0600,d483888a59716f3d2c4e986a815c5f4b863bc9b8,IL,17001,2,2022-11-09T01:00:00.000Z,FIPSCode,17001,0,2022-11-10T03:15:14.279Z,74,99.0,74,100,29197,19456,77.86,27777,5024,20.11,29588,507,2.03,25239,99,24987,46324,74,73
1668457648,2022-11-14 14:27:28 -0600,044e476c6b864293fc4a5f13b733ad0a9d790bb2,IL,17001,2,2022-11-09T01:00:00.000Z,FIPSCode,17001,0,2022-11-10T03:15:14.279Z,74,99.0,74,100,29197,19456,77.86,27777,5024,20.11,29588,507,2.03,25239,99,24987,46324,74,73
1668457964,2022-11-14 14:32:44 -0600,2534c62ba18b52fed8cadcf4239d5dcb1b0237d3,IL,17001,2,2022-11-09T01:00:00.000Z,FIPSCode,17001,0,2022-11-10T03:15:14.279Z,74,99.0,74,100,29197,19456,77.86,27777,5024,20.11,29588,507,2.03,25239,99,24987,46324,74,73
1668458017,2022-11-14 14:33:37 -0600,4ae26bf80046363557355fe78c7f5a81b4fd5214,IL,17001,2,2022-11-09T01:00:00.000Z,FIPSCode,17001,0,2022-11-10T03:15:14.279Z,74,99.0,74,100,29197,19456,77.86,27777,5024,20.11,29588,507,2.03,25239,99,24987,46324,74,73
1668460160,2022-11-14 15:09:20 -0600,e7d982efac92da758f546180a4e10299e40448dd,IL,17001,2,2022-11-09T01:00:00.000Z,FIPSCode,17001,0,2022-11-10T03:15:14.279Z,74,99.0,74,100,29197,19456,77.86,27777,5024,20.11,29588,507,2.03,25239,99,24987,46324,74,73
1668460230,2022-11-14 15:10:30 -0600,87ed8af3987ef9335d6f896b88f123644da92358,IL,17001,2,2022-11-09T01:00:00.000Z,FIPSCode,17001,0,2022-11-10T03:15:14.279Z,74,99.0,74,100,29197,19456,77.86,27777,5024,20.11,29588,507,2.03,25239,99,24987,46324,74,73
1668460635,2022-11-14 15:17:15 -0600,fec02326cc3a2110bd4ce7d4278bf5292d4932bd,IL,17001,2,2022-11-09T01:00:00.000Z,FIPSCode,17001,0,2022-11-10T03:15:14.279Z,74,99.0,74,100,29197,19456,77.86,27777,5024,20.11,29588,507,2.03,25239,99,24987,46324,74,73
1668462167,2022-11-14 15:42:47 -0600,170c0abd043f297cab8ce9e28a5ba5e1871b2546,IL,17001,2,2022-11-09T01:00:00.000Z,FIPSCode,17001,0,2022-11-10T03:15:14.279Z,74,99.0,74,100,29197,19456,77.86,27777,5024,20.11,29588,507,2.03,25239,99,24987,46324,74,73
1668462232,2022-11-14 15:43:52 -0600,e002b255c9317f082bf35227f8351f16a4badd1d,IL,17001,2,2022-11-09T01:00:00.000Z,FIPSCode,17001,0,2022-11-10T03:15:14.279Z,74,99.0,74,100,29197,19456,77.86,27777,5024,20.11,29588,507,2.03,25239,99,24987,46324,74,73
1668462499,2022-11-14 15:48:19 -0600,b1f32f7576b21656a4e8b05225953d9f4d95c21c,IL,17001,2,2022-11-09T01:00:00.000Z,FIPSCode,17001,0,2022-11-10T03:15:14.279Z,74,99.0,74,100,29197,19456,77.86,27777,5024,20.11,29588,507,2.03,25239,99,24987,46324,74,73
1668462584,2022-11-14 15:49:44 -0600,b4e01e9d2f15a9b5ca53740b609b045e1b26cba4,IL,17001,2,2022-11-09T01:00:00.000Z,FIPSCode,17001,0,2022-11-10T03:15:14.279Z,74,99.0,74,100,29197,19456,77.86,27777,5024,20.11,29588,507,2.03,25239,99,24987,46324,74,73
1668463947,2022-11-14 16:12:27 -0600,9eac3a70925127fa7ad7aaf8cfbc4a641d767c96,IL,17001,2,2022-11-09T01:00:00.000Z,FIPSCode,17001,0,2022-11-10T03:15:14.279Z,74,99.0,74,100,29197,19456,77.86,27777,5024,20.11,29588,507,2.03,25239,99,24987,46324,74,73
1668464193,2022-11-14 16:16:33 -0600,dfa1805a4e0b076a28e847a981745237e5903052,IL,17001,2,2022-11-09T01:00:00.000Z,FIPSCode,17001,0,2022-11-10T03:15:14.279Z,74,99.0,74,100,29197,19456,77.86,27777,5024,20.11,29588,507,2.03,25239,99,24987,46324,74,73
1668464565,2022-11-14 16:22:45 -0600,d97ca592706561ca7d96c9ff0f35176bd0a1b5f9,IL,17001,2,2022-11-09T01:00:00.000Z,FIPSCode,17001,0,2022-11-10T03:15:14.279Z,74,99.0,74,100,29197,19456,77.86,27777,5024,20.11,29588,507,2.03,25239,99,24987,46324,74,73
1668464854,2022-11-14 16:27:34 -0600,8bfa933be24a61be3cbfe22af7249b8ae66e998d,IL,17001,2,2022-11-09T01:00:00.000Z,FIPSCode,17001,0,2022-11-10T03:15:14.279Z,74,99.0,74,100,29197,19456,77.86,27777,5024,20.11,29588,507,2.03,25239,99,24987,46324,74,73
1668464956,2022-11-14 16:29:16 -0600,e2d5a5a4b4d8817e7250a8174b03a625f52bba58,IL,17001,2,2022-11-09T01:00:00.000Z,FIPSCode,17001,0,2022-11-10T03:15:14.279Z,74,99.0,74,100,29197,19456,77.86,27777,5024,20.11,29588,507,2.03,25239,99,24987,46324,74,73
1668465014,2022-11-14 16:30:14 -0600,bbe35a00567e1ee85588fa62a5fc952dad1063b3,IL,17001,2,2022-11-09T01:00:00.000Z,FIPSCode,17001,0,2022-11-10T03:15:14.279Z,74,99.0,74,100,29197,19456,77.86,27777,5024,20.11,29588,507,2.03,25239,99,24987,46324,74,73
1668465136,2022-11-14 16:32:16 -0600,0a7c59cff058ba4ee7b99693227dca68fa9c1935,IL,17001,2,2022-11-09T01:00:00.000Z,FIPSCode,17001,0,2022-11-10T03:15:14.279Z,74,99.0,74,100,29197,19456,77.86,27777,5024,20.11,29588,507,2.03,25239,99,24987,46324,74,73
1668467923,2022-11-14 17:18:43 -0600,5cf6bdfaae5cc8f703702f6825f828a59859fab6,IL,17001,2,2022-11-09T01:00:00.000Z,FIPSCode,17001,0,2022-11-10T03:15:14.279Z,74,99.0,74,100,29197,19456,77.86,27777,5024,20.11,29588,507,2.03,25239,99,24987,46324,74,73
1668468572,2022-11-14 17:29:32 -0600,b94e114e694aa603daeded07ecd8cf6ead54b326,IL,17001,2,2022-11-09T01:00:00.000Z,FIPSCode,17001,0,2022-11-10T03:15:14.279Z,74,99.0,74,100,29197,19456,77.86,27777,5024,20.11,29588,507,2.03,25239,99,24987,46324,74,73
1668468817,2022-11-14 17:33:37 -0600,95f16c9ad5052d29288f10bdd3e70814c2728b02,IL,17001,2,2022-11-09T01:00:00.000Z,FIPSCode,17001,0,2022-11-10T03:15:14.279Z,74,99.0,74,100,29197,19456,77.86,27777,5024,20.11,29588,507,2.03,25239,99,24987,46324,74,73
1668469260,2022-11-14 17:41:00 -0600,47e5797f6c8e0111bf6054af646209617ec171e1,IL,17001,2,2022-11-09T01:00:00.000Z,FIPSCode,17001,0,2022-11-10T03:15:14.279Z,74,99.0,74,100,29197,19456,77.86,27777,5024,20.11,29588,507,2.03,25239,99,24987,46324,74,73
1668469800,2022-11-14 17:50:00 -0600,45c6be6c2e4bd366ce6a6cafeac15bbc7b7440ad,IL,17001,2,2022-11-09T01:00:00.000Z,FIPSCode,17001,0,2022-11-10T03:15:14.279Z,74,99.0,74,100,29197,19456,77.86,27777,5024,20.11,29588,507,2.03,25239,99,24987,46324,74,73
1668470038,2022-11-14 17:53:58 -0600,682018eda1ad344f165fa71f3b50f960c13b1611,IL,17001,2,2022-11-09T01:00:00.000Z,FIPSCode,17001,0,2022-11-10T03:15:14.279Z,74,99.0,74,100,29197,19456,77.86,27777,5024,20.11,29588,507,2.03,25239,99,24987,46324,74,73
1668471211,2022-11-14 18:13:31 -0600,cf280aba4d9da0f8718c05324008a05a104f4353,IL,17001,2,2022-11-09T01:00:00.000Z,FIPSCode,17001,0,2022-11-10T03:15:14.279Z,74,99.0,74,100,29197,19456,77.86,27777,5024,20.11,29588,507,2.03,25239,99,24987,46324,74,73
1668471972,2022-11-14 18:26:12 -0600,2f81fd668cc18b5bfec669a819fbe8558250b675,IL,17001,2,2022-11-09T01:00:00.000Z,FIPSCode,17001,0,2022-11-10T03:15:14.279Z,74,99.0,74,100,29197,19456,77.86,27777,5024,20.11,29588,507,2.03,25239,99,24987,46324,74,73
1668532551,2022-11-15 11:15:51 -0600,f05a223203acd7b08c5a7babbaa90fc6f55f043b,IL,17001,2,2022-11-09T01:00:00.000Z,FIPSCode,17001,0,2022-11-10T03:15:14.279Z,74,99.0,74,100,29197,19456,77.86,27777,5024,20.11,29588,507,2.03,25239,99,24987,46324,74,73
1668532915,2022-11-15 11:21:55 -0600,7ed55ec20596bf14b3c6d35e82f0885f42943cec,IL,17001,2,2022-11-09T01:00:00.000Z,FIPSCode,17001,0,2022-11-10T03:15:14.279Z,74,99.0,74,100,29197,19456,77.86,27777,5024,20.11,29588,507,2.03,25239,99,24987,46324,74,73
1668537353,2022-11-15 12:35:53 -0600,4f190ac97357bef97edcd45b2c92509fffa09c63,IL,17001,2,2022-11-09T01:00:00.000Z,FIPSCode,17001,0,2022-11-10T03:15:14.279Z,74,99.0,74,100,29197,19456,77.86,27777,5024,20.11,29588,507,2.03,25239,99,24987,46324,74,73
1668537773,2022-11-15 12:42:53 -0600,1c034032de64100287ad8170deb434981bb78111,IL,17001,2,2022-11-09T01:00:00.000Z,FIPSCode,17001,0,2022-11-10T03:15:14.279Z,74,99.0,74,100,29197,19456,77.86,27777,5024,20.11,29588,507,2.03,25239,99,24987,46324,74,73
1668541188,2022-11-15 13:39:48 -0600,ab1cf99fab4721c702ffc16c3111ad411c45204f,IL,17001,2,2022-11-09T01:00:00.000Z,FIPSCode,17001,0,2022-11-10T03:15:14.279Z,74,99.0,74,100,29197,19456,77.86,27777,5024,20.11,29588,507,2.03,25239,99,24987,46324,74,73
1668545019,2022-11-15 14:43:39 -0600,e7511341ae46c5f35e1190f09ede935def3ffd72,IL,17001,2,2022-11-09T01:00:00.000Z,FIPSCode,17001,0,2022-11-10T03:15:14.279Z,74,99.0,74,100,29197,19456,77.86,27777,5024,20.11,29588,507,2.03,25239,99,24987,46324,74,73
1668545161,2022-11-15 14:46:01 -0600,573256f9cf142061eac3193008c0b4c161d141d0,IL,17001,2,2022-11-09T01:00:00.000Z,FIPSCode,17001,0,2022-11-10T03:15:14.279Z,74,99.0,74,100,29197,19456,77.86,27777,5024,20.11,29588,507,2.03,25239,99,24987,46324,74,73
1668548807,2022-11-15 15:46:47 -0600,6ddcaf2cb46959be6021708f0739f213a4460a57,IL,17001,2,2022-11-09T01:00:00.000Z,FIPSCode,17001,0,2022-11-10T03:15:14.279Z,74,99.0,74,100,29197,19456,77.86,27777,5024,20.11,29588,507,2.03,25239,99,24987,46324,74,73
1668549346,2022-11-15 15:55:46 -0600,11efa5f4ef67f5412995a9207a0d64ca7996c853,IL,17001,2,2022-11-09T01:00:00.000Z,FIPSCode,17001,0,2022-11-10T03:15:14.279Z,74,99.0,74,100,29197,19456,77.86,27777,5024,20.11,29588,507,2.03,25239,99,24987,46324,74,73
1668549417,2022-11-15 15:56:57 -0600,01aace502edac4631ecd2f2b7c2bb328acc94d3a,IL,17001,2,2022-11-09T01:00:00.000Z,FIPSCode,17001,0,2022-11-10T03:15:14.279Z,74,99.0,74,100,29197,19456,77.86,27777,5024,20.11,29588,507,2.03,25239,99,24987,46324,74,73
1668550467,2022-11-15 16:14:27 -0600,259a63c3d9de7e84ab0bde2d9b046d91c5ef9a99,IL,17001,2,2022-11-09T01:00:00.000Z,FIPSCode,17001,0,2022-11-10T03:15:14.279Z,74,99.0,74,100,29197,19456,77.86,27777,5024,20.11,29588,507,2.03,25239,99,24987,46324,74,73
1668617542,2022-11-16 10:52:22 -0600,aecbf593c5d1d874a4df41c02a3b16e75ef9a120,IL,17001,2,2022-11-09T01:00:00.000Z,FIPSCode,17001,0,2022-11-10T03:15:14.279Z,74,99.0,74,100,29197,19456,77.86,27777,5024,20.11,29588,507,2.03,25239,99,24987,46324,74,73
1668635086,2022-11-16 15:44:46 -0600,66dc16fa15d31cb735680e7cac8e629acf129c1d,IL,17001,2,2022-11-09T01:00:00.000Z,FIPSCode,17001,0,2022-11-10T03:15:14.279Z,74,99.0,74,100,29197,19456,77.86,27777,5024,20.11,29588,507,2.03,25239,99,24987,46324,74,73
1668639416,2022-11-16 16:56:56 -0600,328464d8c6595193d8cb2cd2e047f0a831c42e5e,IL,17001,2,2022-11-09T01:00:00.000Z,FIPSCode,17001,0,2022-11-10T03:15:14.279Z,74,99.0,74,100,29197,19456,77.86,27777,5024,20.11,29588,507,2.03,25239,99,24987,46324,74,73
1668725265,2022-11-17 16:47:45 -0600,5e4b580f17b1de905fc817172f3424dc67a288a2,IL,17001,2,2022-11-09T01:00:00.000Z,FIPSCode,17001,0,2022-11-10T03:15:14.279Z,74,99.0,74,100,29197,19456,77.86,27777,5024,20.11,29588,507,2.03,25239,99,24987,46324,74,73
1668726642,2022-11-17 17:10:42 -0600,c20baa6253aeff72ceed4c261a49cbb3c90c0f17,IL,17001,2,2022-11-09T01:00:00.000Z,FIPSCode,17001,0,2022-11-10T03:15:14.279Z,74,99.0,74,100,29197,19456,77.86,27777,5024,20.11,29588,507,2.03,25239,99,24987,46324,74,73
1668728088,2022-11-17 17:34:48 -0600,66733224776bef2eb741881c2a0d2c031917f345,IL,17001,2,2022-11-09T01:00:00.000Z,FIPSCode,17001,0,2022-11-10T03:15:14.279Z,74,99.0,74,100,29197,19456,77.86,27777,5024,20.11,29588,507,2.03,25239,99,24987,46324,74,73
1668799201,2022-11-18 13:20:01 -0600,3120fc1f8111daf0b2a28cb64e37dbccbec02d95,IL,17001,2,2022-11-09T01:00:00.000Z,FIPSCode,17001,0,2022-11-10T03:15:14.279Z,74,99.0,74,100,29197,19456,77.86,27777,5024,20.11,29588,507,2.03,25239,99,24987,46324,74,73
1668809146,2022-11-18 16:05:46 -0600,6167ba0b95a7a7b5ab599b08784c3630eddcb322,IL,17001,2,2022-11-09T01:00:00.000Z,FIPSCode,17001,0,2022-11-10T03:15:14.279Z,74,99.0,74,100,29197,19456,77.86,27777,5024,20.11,29588,507,2.03,25239,99,24987,46324,74,73
1668811727,2022-11-18 16:48:47 -0600,5f05224800af21a70db917d252206a128638914e,IL,17001,2,2022-11-09T01:00:00.000Z,FIPSCode,17001,0,2022-11-10T03:15:14.279Z,74,99.0,74,100,29197,19456,77.86,27777,5024,20.11,29588,507,2.03,25239,99,24987,46324,74,73
1668815034,2022-11-18 17:43:54 -0600,df3d365666933b6f81fdf46e67ea6e4c81854dd1,IL,17001,2,2022-11-09T01:00:00.000Z,FIPSCode,17001,0,2022-11-10T03:15:14.279Z,74,99.0,74,100,29197,19456,77.86,27777,5024,20.11,29588,507,2.03,25239,99,24987,46324,74,73
1668981598,2022-11-20 15:59:58 -0600,428bf67d421fc0360a83cc49aa2d0f4bf9e20b12,IL,17001,2,2022-11-09T01:00:00.000Z,FIPSCode,17001,0,2022-11-10T03:15:14.279Z,74,99.0,74,100,29197,19456,77.86,27777,5024,20.11,29588,507,2.03,25239,99,24987,46324,74,73
1669054864,2022-11-21 12:21:04 -0600,64b1ae75a13266e8cd898b1f166de624836ba043,IL,17001,2,2022-11-09T01:00:00.000Z,FIPSCode,17001,0,2022-11-10T03:15:14.279Z,74,99.0,74,100,29197,19456,77.86,27777,5024,20.11,29588,507,2.03,25239,99,24987,46324,74,73
1669136512,2022-11-22 11:01:52 -0600,3f530569c919b7f3f05d3e792a4e9a213ad1bb1c,IL,17001,2,2022-11-09T01:00:00.000Z,FIPSCode,17001,0,2022-11-10T03:15:14.279Z,74,99.0,74,100,29197,19456,77.86,27777,5024,20.11,29588,507,2.03,25239,99,24987,46324,74,73
1669138075,2022-11-22 11:27:55 -0600,c071eceb8d5ea8a3db9890f7de27ee223c588a22,IL,17001,2,2022-11-09T01:00:00.000Z,FIPSCode,17001,0,2022-11-10T03:15:14.279Z,74,99.0,74,100,29197,19456,77.86,27777,5024,20.11,29588,507,2.03,25239,99,24987,46324,74,73
1669141797,2022-11-22 12:29:57 -0600,60eeec55b03ee96f353ca73731923cde0a6d2085,IL,17001,2,2022-11-09T01:00:00.000Z,FIPSCode,17001,0,2022-11-10T03:15:14.279Z,74,99.0,74,100,29197,19456,77.86,27777,5024,20.11,29588,507,2.03,25239,99,24987,46324,74,73
1669142749,2022-11-22 12:45:49 -0600,6f5b2fe9317fbd5b480cfe07addaaa2a958720b0,IL,17001,2,2022-11-09T01:00:00.000Z,FIPSCode,17001,0,2022-11-10T03:15:14.279Z,74,99.0,74,100,29197,19456,77.86,27777,5024,20.11,29588,507,2.03,25239,99,24987,46324,74,73
1669146116,2022-11-22 13:41:56 -0600,df87f988517d628280f28d7fcad4ee023aa18ad2,IL,17001,2,2022-11-09T01:00:00.000Z,FIPSCode,17001,0,2022-11-10T03:15:14.279Z,74,99.0,74,100,29197,19456,77.86,27777,5024,20.11,29588,507,2.03,25239,99,24987,46324,74,73
1669148749,2022-11-22 14:25:49 -0600,b0ee06595f6820267f99a534b27c5ec65846ebe0,IL,17001,2,2022-11-09T01:00:00.000Z,FIPSCode,17001,0,2022-11-10T03:15:14.279Z,74,99.0,74,100,29197,19456,77.86,27777,5024,20.11,29588,507,2.03,25239,99,24987,46324,74,73
1669151517,2022-11-22 15:11:57 -0600,ce7793dade52dd99661f8b9348714e0260ebca38,IL,17001,2,2022-11-09T01:00:00.000Z,FIPSCode,17001,0,2022-11-10T03:15:14.279Z,74,99.0,74,100,29197,19456,77.86,27777,5024,20.11,29588,507,2.03,25239,99,24987,46324,74,73
1669156905,2022-11-22 16:41:45 -0600,a98406ca5604bf1d28bf805e9a524f6513e3b254,IL,17001,2,2022-11-09T01:00:00.000Z,FIPSCode,17001,0,2022-11-10T03:15:14.279Z,74,99.0,74,100,29197,19456,77.86,27777,5024,20.11,29588,507,2.03,25239,99,24987,46324,74,73
1669157740,2022-11-22 16:55:40 -0600,33378b6aaa288f19af6f1dfa7925cb3afc761031,IL,17001,2,2022-11-09T01:00:00.000Z,FIPSCode,17001,0,2022-11-10T03:15:14.279Z,74,99.0,74,100,29197,19456,77.86,27777,5024,20.11,29588,507,2.03,25239,99,24987,46324,74,73
1669157804,2022-11-22 16:56:44 -0600,e21da4c974601cf77024ad07467ddc057ad11e7e,IL,17001,2,2022-11-09T01:00:00.000Z,FIPSCode,17001,0,2022-11-10T03:15:14.279Z,74,99.0,74,100,29197,19456,77.86,27777,5024,20.11,29588,507,2.03,25239,99,24987,46324,74,73
1669157984,2022-11-22 16:59:44 -0600,29970c19786d9b6bc4efb88b63a2445623555a6c,IL,17001,2,2022-11-09T01:00:00.000Z,FIPSCode,17001,0,2022-11-10T03:15:14.279Z,74,99.0,74,100,29197,19456,77.86,27777,5024,20.11,29588,507,2.03,25239,99,24987,46324,74,73
1669159789,2022-11-22 17:29:49 -0600,0c77e3c8506cd51ab0459da01ed301c7b78a4b46,IL,17001,2,2022-11-09T01:00:00.000Z,FIPSCode,17001,0,2022-11-10T03:15:14.279Z,74,99.0,74,100,29197,19456,77.86,27777,5024,20.11,29588,507,2.03,25239,99,24987,46324,74,73
1669223263,2022-11-23 11:07:43 -0600,fab1a3f324a4a97f3f130e099087215d99a29d16,IL,17001,2,2022-11-09T01:00:00.000Z,FIPSCode,17001,0,2022-11-10T03:15:14.279Z,74,99.0,74,100,29197,19456,77.86,27777,5024,20.11,29588,507,2.03,25239,99,24987,46324,74,73
1669236344,2022-11-23 14:45:44 -0600,f8480fa2f83ebbbae760799a29b48b26aa300b2d,IL,17001,2,2022-11-09T01:00:00.000Z,FIPSCode,17001,0,2022-11-10T03:15:14.279Z,74,99.0,74,100,29197,19456,77.86,27777,5024,20.11,29588,507,2.03,25239,99,24987,46324,74,73
1669239412,2022-11-23 15:36:52 -0600,ae3f9d62d8fa9324603053ff8fab03216a427848,IL,17001,2,2022-11-09T01:00:00.000Z,FIPSCode,17001,0,2022-11-10T03:15:14.279Z,74,99.0,74,100,29197,19456,77.86,27777,5024,20.11,29588,507,2.03,25239,99,24987,46324,74,73
1669737949,2022-11-29 10:05:49 -0600,fab0a6fd35564405197eadae4ac03c018c324f1d,IL,17001,2,2022-11-09T01:00:00.000Z,FIPSCode,17001,0,2022-11-10T03:15:14.279Z,74,99.0,74,100,29197,19456,77.86,27777,5024,20.11,29588,507,2.03,25239,99,24987,46324,74,73
1669837546,2022-11-30 13:45:46 -0600,0b1925badeaf2df7004bc0e2fdef75586ba4acc7,IL,17001,2,2022-11-09T01:00:00.000Z,FIPSCode,17001,0,2022-11-10T03:15:14.279Z,74,99.0,74,100,29197,19456,77.86,27777,5024,20.11,29588,507,2.03,25239,99,24987,46324,74,73
1669856450,2022-11-30 19:00:50 -0600,b13f69263bfb8e7bdfa1c4e39cb5f373706878a5,IL,17001,2,2022-11-09T01:00:00.000Z,FIPSCode,17001,0,2022-11-10T03:15:14.279Z,74,99.0,74,100,29197,19456,77.86,27777,5024,20.11,29588,507,2.03,25239,99,24987,46324,74,73
1669856516,2022-11-30 19:01:56 -0600,9dc011293d003f310f703dc53fe8a7f47d95ed25,IL,17001,2,2022-11-09T01:00:00.000Z,FIPSCode,17001,0,2022-11-10T03:15:14.279Z,74,99.0,74,100,29197,19456,77.86,27777,5024,20.11,29588,507,2.03,25239,99,24987,46324,74,73
1669888853,2022-12-01 04:00:53 -0600,0e29b6ca0f4cbf888b6750ec6755b88fb36dea78,IL,17001,2,2022-11-09T01:00:00.000Z,FIPSCode,17001,0,2022-11-10T03:15:14.279Z,74,99.0,74,100,29197,19456,77.86,27777,5024,20.11,29588,507,2.03,25239,99,24987,46324,74,73
1669899691,2022-12-01 07:01:31 -0600,65282f13c6eac242f15ab62e65e831f497b8f4b1,IL,17001,2,2022-11-09T01:00:00.000Z,FIPSCode,17001,0,2022-11-10T03:15:14.279Z,74,99.0,74,100,29197,19456,77.86,27777,5024,20.11,29588,507,2.03,25239,99,24987,46324,74,73
1669932048,2022-12-01 16:00:48 -0600,8bdb2fbbdca0074df39f86396aa93024edec2f62,IL,17001,2,2022-11-09T01:00:00.000Z,FIPSCode,17001,0,2022-11-10T03:15:14.279Z,74,99.0,74,100,29197,19456,77.86,27777,5024,20.11,29588,507,2.03,25239,99,24987,46324,74,73
1669942857,2022-12-01 19:00:57 -0600,21052ea15437cdb30d9bc4e0817edcc53e9b1435,IL,17001,2,2022-11-09T01:00:00.000Z,FIPSCode,17001,0,2022-11-10T03:15:14.279Z,74,99.0,74,100,29197,19456,77.86,27777,5024,20.11,29588,507,2.03,25239,99,24987,46324,74,73
1669975255,2022-12-02 04:00:55 -0600,a8409b8d24fd696b6f2e17ba39e295adcbd9fca2,IL,17001,2,2022-11-09T01:00:00.000Z,FIPSCode,17001,0,2022-11-10T03:15:14.279Z,74,99.0,74,100,29197,19456,77.86,27777,5024,20.11,29588,507,2.03,25239,99,24987,46324,74,73
1669986103,2022-12-02 07:01:43 -0600,49942654b56587fbe7f346ef3f59b205dfbe4673,IL,17001,2,2022-11-09T01:00:00.000Z,FIPSCode,17001,0,2022-11-10T03:15:14.279Z,74,99.0,74,100,29197,19456,77.86,27777,5024,20.11,29588,507,2.03,25239,99,24987,46324,74,73
1670366333,2022-12-06 16:38:53 -0600,eb7e8fcec8f0e1ba44528f91c2554a300a348abc,IL,17001,2,2022-11-09T01:00:00.000Z,FIPSCode,17001,0,2022-11-10T03:15:14.279Z,74,99.0,74,100,29197,19456,77.86,27777,5024,20.11,29588,507,2.03,25239,99,24987,46324,74,73
