captureTimestamp,captureDateTime,captureRevision,statePostal,reportingunitID,reportingunitLevel,pollClosingTime,level,fipsCode,electTotal,lastUpdated,precinctsReporting,eevp,precinctsTotal,precinctsReportingPct,candidates.0.candidateID,candidates.0.voteCount,candidates.0.votePct,candidates.1.candidateID,candidates.1.voteCount,candidates.1.votePct,parameters.vote.expected.actual,parameters.vote.expected.eevpCap,parameters.vote.total,parameters.vote.registered,parameters.precinctsReportingActual,parameters.precinctsReportingProportional
1667886761,2022-11-08 05:52:41 +0000,454ce019f86614717daba988180b8577e032630f,ND,38095,2,2022-11-09T01:00:00.000Z,FIPSCode,38095,0,2022-11-07T21:28:34.649Z,0,0.0,3,0,40775,0,0.0,41412,0,0.0,1053,99,0,1607,0,0
1667944347,2022-11-08 21:52:27 +0000,05a3e91e497cb8d3251b3f2f481fd479b6ed8cc7,ND,38095,2,2022-11-09T01:00:00.000Z,FIPSCode,38095,0,2022-11-08T18:26:23.962Z,0,0.0,3,0,40775,0,0.0,41412,0,0.0,1053,99,0,1607,0,0
1667956547,2022-11-09 01:15:47 +0000,8138046ce1ccc9e37269480764f23b8c9cec781a,ND,38095,2,2022-11-09T01:00:00.000Z,FIPSCode,38095,0,2022-11-09T01:07:08.261Z,0,0.0,3,0,40775,0,0.0,41412,0,0.0,1053,99,0,1607,0,0
1667958273,2022-11-09 01:44:33 +0000,4199c67ba64ae17927c85a89877c89e59a577ae0,ND,38095,2,2022-11-09T01:00:00.000Z,FIPSCode,38095,0,2022-11-09T01:07:08.261Z,0,0.0,3,0,40775,0,0.0,41412,0,0.0,1053,99,0,1607,0,0
1667959124,2022-11-09 01:58:44 +0000,ebdb2f4efab49b8071a842b145008e58069ff969,ND,38095,2,2022-11-09T01:00:00.000Z,FIPSCode,38095,0,2022-11-09T01:07:08.261Z,0,0.0,3,0,40775,0,0.0,41412,0,0.0,1053,99,0,1607,0,0
1667959981,2022-11-09 02:13:01 +0000,f7108f15221a3f4ac4310e0ba678593081137a5c,ND,38095,2,2022-11-09T01:00:00.000Z,FIPSCode,38095,0,2022-11-09T01:07:08.261Z,0,0.0,3,0,40775,0,0.0,41412,0,0.0,1053,99,0,1607,0,0
1667960264,2022-11-09 02:17:44 +0000,e239f4bcca07deff3069ebbdd016fa8b8d41d752,ND,38095,2,2022-11-09T01:00:00.000Z,FIPSCode,38095,0,2022-11-09T02:12:06.302Z,0,0.0,3,0,40775,0,0.0,41412,0,0.0,1053,99,0,1607,0,0
1667960540,2022-11-09 02:22:20 +0000,8f457dad835364421624abf7a3b05a9acf49f0bd,ND,38095,2,2022-11-09T01:00:00.000Z,FIPSCode,38095,0,2022-11-09T02:12:06.302Z,0,0.0,3,0,40775,0,0.0,41412,0,0.0,1053,99,0,1607,0,0
1667960816,2022-11-09 02:26:56 +0000,8a1624065b18c7c6c4408259c296b51116c46c3f,ND,38095,2,2022-11-09T01:00:00.000Z,FIPSCode,38095,0,2022-11-09T02:12:06.302Z,0,0.0,3,0,40775,0,0.0,41412,0,0.0,1053,99,0,1607,0,0
1667961093,2022-11-09 02:31:33 +0000,1ec6490691d550bb25c67a95029d41260dad9223,ND,38095,2,2022-11-09T01:00:00.000Z,FIPSCode,38095,0,2022-11-09T02:27:19.111Z,0,0.0,3,0,40775,0,0.0,41412,0,0.0,1053,99,0,1607,0,0
1667961378,2022-11-09 02:36:18 +0000,38867b5c6238941f5844472df77322f71d62b761,ND,38095,2,2022-11-09T01:00:00.000Z,FIPSCode,38095,0,2022-11-09T02:31:10.933Z,0,0.0,3,0,40775,0,0.0,41412,0,0.0,1053,99,0,1607,0,0
1667962555,2022-11-09 02:55:55 +0000,84c8aec46b0824d2dabb875d986800c8bb475bfb,ND,38095,2,2022-11-09T01:00:00.000Z,FIPSCode,38095,0,2022-11-09T02:48:44.999Z,0,0.0,3,0,40775,0,0.0,41412,0,0.0,1053,99,0,1607,0,0
1667962837,2022-11-09 03:00:37 +0000,d57fedbb0cf82cf130c9d008e459203d23c317e0,ND,38095,2,2022-11-09T01:00:00.000Z,FIPSCode,38095,0,2022-11-09T02:48:44.999Z,0,0.0,3,0,40775,0,0.0,41412,0,0.0,1053,99,0,1607,0,0
1667963111,2022-11-09 03:05:11 +0000,e819c6c0592b367c01eebbb86e897f39b2d774d1,ND,38095,2,2022-11-09T01:00:00.000Z,FIPSCode,38095,0,2022-11-09T02:58:35.544Z,0,0.0,3,0,40775,0,0.0,41412,0,0.0,1053,99,0,1607,0,0
1667963396,2022-11-09 03:09:56 +0000,6a46c0776c43a17d759f81499ba9ed2e8d7622fc,ND,38095,2,2022-11-09T01:00:00.000Z,FIPSCode,38095,0,2022-11-09T03:00:35.336Z,3,80.44,3,100,40775,557,65.76,41412,290,34.24,1053,99,847,1607,3,2
1667963668,2022-11-09 03:14:28 +0000,504ec01bb7ea4ec861b67f44aa636e0055b5ba3d,ND,38095,2,2022-11-09T01:00:00.000Z,FIPSCode,38095,0,2022-11-09T03:04:47.252Z,3,98.95,3,100,40775,557,65.76,41412,290,34.24,856,99,847,1607,3,3
1667964227,2022-11-09 03:23:47 +0000,1cb90b95cdd6c1be23968f2b7d9618a95c5a5ad9,ND,38095,2,2022-11-09T01:00:00.000Z,FIPSCode,38095,0,2022-11-09T03:21:18.946Z,3,98.95,3,100,40775,557,65.76,41412,290,34.24,856,99,847,1607,3,3
1667964559,2022-11-09 03:29:19 +0000,9953e63a0357b9189618b1f7ef238581cfdffcbb,ND,38095,2,2022-11-09T01:00:00.000Z,FIPSCode,38095,0,2022-11-09T03:21:18.946Z,3,98.95,3,100,40775,557,65.76,41412,290,34.24,856,99,847,1607,3,3
1667964860,2022-11-09 03:34:20 +0000,ee3367b043972f1875e6948799a9babb4f41fd05,ND,38095,2,2022-11-09T01:00:00.000Z,FIPSCode,38095,0,2022-11-09T03:25:37.521Z,3,98.95,3,100,40775,557,65.76,41412,290,34.24,856,99,847,1607,3,3
1667965148,2022-11-09 03:39:08 +0000,6fdfe90630de6ba7d3077daaa37563b39e419cfc,ND,38095,2,2022-11-09T01:00:00.000Z,FIPSCode,38095,0,2022-11-09T03:35:59.302Z,3,98.95,3,100,40775,557,65.76,41412,290,34.24,856,99,847,1607,3,3
1667965711,2022-11-09 03:48:31 +0000,3f97935f76145660588ec69d4480a824e21e2bd4,ND,38095,2,2022-11-09T01:00:00.000Z,FIPSCode,38095,0,2022-11-09T03:42:14.813Z,3,98.95,3,100,40775,557,65.76,41412,290,34.24,856,99,847,1607,3,3
1667966001,2022-11-09 03:53:21 +0000,cee0a612753351ddb30fde2a157613da20f2be01,ND,38095,2,2022-11-09T01:00:00.000Z,FIPSCode,38095,0,2022-11-09T03:50:35.821Z,3,98.95,3,100,40775,557,65.76,41412,290,34.24,856,99,847,1607,3,3
1667966989,2022-11-09 04:09:49 +0000,47c6fd3e525919b429e23d0446afd1809e9c353c,ND,38095,2,2022-11-09T01:00:00.000Z,FIPSCode,38095,0,2022-11-09T04:04:16.220Z,3,98.95,3,100,40775,557,65.76,41412,290,34.24,856,99,847,1607,3,3
1667967269,2022-11-09 04:14:29 +0000,68d92bf23b94b96637a56b0d567d37a581d41ead,ND,38095,2,2022-11-09T01:00:00.000Z,FIPSCode,38095,0,2022-11-09T04:11:33.677Z,3,98.95,3,100,40775,557,65.76,41412,290,34.24,856,99,847,1607,3,3
1667967540,2022-11-08 22:19:00 -0600,673632f1537c7c9f2368084b99ec47b67621c41e,ND,38095,2,2022-11-09T01:00:00.000Z,FIPSCode,38095,0,2022-11-09T04:15:52.379Z,3,98.95,3,100,40775,557,65.76,41412,290,34.24,856,99,847,1607,3,3
1667967905,2022-11-08 22:25:05 -0600,7b53fc8cb8c53477e9f4fecf82fac92988ee5275,ND,38095,2,2022-11-09T01:00:00.000Z,FIPSCode,38095,0,2022-11-09T04:15:52.379Z,3,98.95,3,100,40775,557,65.76,41412,290,34.24,856,99,847,1607,3,3
1667968047,2022-11-08 22:27:27 -0600,3febed665f84b6f0a9717d87750ee8049f50fab6,ND,38095,2,2022-11-09T01:00:00.000Z,FIPSCode,38095,0,2022-11-09T04:26:13.754Z,3,98.95,3,100,40775,557,65.76,41412,290,34.24,856,99,847,1607,3,3
1667968092,2022-11-08 22:28:12 -0600,c3a7bcfa6d57d19e0339cd5eff437c13c5a7dec5,ND,38095,2,2022-11-09T01:00:00.000Z,FIPSCode,38095,0,2022-11-09T04:26:13.754Z,3,98.95,3,100,40775,557,65.76,41412,290,34.24,856,99,847,1607,3,3
1667968272,2022-11-08 22:31:12 -0600,97ef6c54bfa1c7ef6beea70c87aafe0c54251ad8,ND,38095,2,2022-11-09T01:00:00.000Z,FIPSCode,38095,0,2022-11-09T04:30:19.475Z,3,98.95,3,100,40775,557,65.76,41412,290,34.24,856,99,847,1607,3,3
1667968667,2022-11-08 22:37:47 -0600,a013d457c641e43c359ed7cf524810962213905d,ND,38095,2,2022-11-09T01:00:00.000Z,FIPSCode,38095,0,2022-11-09T04:30:19.475Z,3,98.95,3,100,40775,557,65.76,41412,290,34.24,856,99,847,1607,3,3
1667968709,2022-11-08 22:38:29 -0600,a479186c1a21e09ae947de1863bf72d461e8b879,ND,38095,2,2022-11-09T01:00:00.000Z,FIPSCode,38095,0,2022-11-09T04:36:37.443Z,3,98.95,3,100,40775,557,65.76,41412,290,34.24,856,99,847,1607,3,3
1667968844,2022-11-08 22:40:44 -0600,9af6e1ce44325ca43504ad5e0ccab8e9f14ef964,ND,38095,2,2022-11-09T01:00:00.000Z,FIPSCode,38095,0,2022-11-09T04:36:37.443Z,3,98.95,3,100,40775,557,65.76,41412,290,34.24,856,99,847,1607,3,3
1667968931,2022-11-08 22:42:11 -0600,cca40a484cb23456c0df129e9bd1750068cb4880,ND,38095,2,2022-11-09T01:00:00.000Z,FIPSCode,38095,0,2022-11-09T04:36:37.443Z,3,98.95,3,100,40775,557,65.76,41412,290,34.24,856,99,847,1607,3,3
1667969116,2022-11-08 22:45:16 -0600,79682069eac6cae3840febac265b40363b9c51ff,ND,38095,2,2022-11-09T01:00:00.000Z,FIPSCode,38095,0,2022-11-09T04:36:37.443Z,3,98.95,3,100,40775,557,65.76,41412,290,34.24,856,99,847,1607,3,3
1667969292,2022-11-08 22:48:12 -0600,27c0128769cb9950dd2d2f7b010376c6821eb8bd,ND,38095,2,2022-11-09T01:00:00.000Z,FIPSCode,38095,0,2022-11-09T04:36:37.443Z,3,98.95,3,100,40775,557,65.76,41412,290,34.24,856,99,847,1607,3,3
1667969549,2022-11-08 22:52:29 -0600,d5fdf591369d5db6b2ad36681ee672e4aa744331,ND,38095,2,2022-11-09T01:00:00.000Z,FIPSCode,38095,0,2022-11-09T04:51:17.082Z,3,98.95,3,100,40775,557,65.76,41412,290,34.24,856,99,847,1607,3,3
1667969636,2022-11-08 22:53:56 -0600,343edcc3a5440ed7e985b5b1b439acfe9dc3a7bb,ND,38095,2,2022-11-09T01:00:00.000Z,FIPSCode,38095,0,2022-11-09T04:51:17.082Z,3,98.95,3,100,40775,557,65.76,41412,290,34.24,856,99,847,1607,3,3
1667969723,2022-11-08 22:55:23 -0600,b509b5bfc09bde62e91159629c11e0b7e48daab9,ND,38095,2,2022-11-09T01:00:00.000Z,FIPSCode,38095,0,2022-11-09T04:51:17.082Z,3,98.95,3,100,40775,557,65.76,41412,290,34.24,856,99,847,1607,3,3
1667969810,2022-11-08 22:56:50 -0600,b4af1c5ed222b2aca51b198a04f7adfc76d9c4e9,ND,38095,2,2022-11-09T01:00:00.000Z,FIPSCode,38095,0,2022-11-09T04:51:17.082Z,3,98.95,3,100,40775,557,65.76,41412,290,34.24,856,99,847,1607,3,3
1667969855,2022-11-08 22:57:35 -0600,8c3f41d4804fda622cab89f365a05518b70e5a91,ND,38095,2,2022-11-09T01:00:00.000Z,FIPSCode,38095,0,2022-11-09T04:56:28.835Z,3,98.95,3,100,40775,557,65.76,41412,290,34.24,856,99,847,1607,3,3
1667970071,2022-11-08 23:01:11 -0600,dbae837cbbaf1f3aaf9390e6aaa3521af778ad97,ND,38095,2,2022-11-09T01:00:00.000Z,FIPSCode,38095,0,2022-11-09T04:56:28.835Z,3,98.95,3,100,40775,557,65.76,41412,290,34.24,856,99,847,1607,3,3
1667970327,2022-11-08 23:05:27 -0600,1b6c4725cf9e59e40e1d6792336f8520d5b10b5b,ND,38095,2,2022-11-09T01:00:00.000Z,FIPSCode,38095,0,2022-11-09T05:01:37.818Z,3,98.95,3,100,40775,557,65.76,41412,290,34.24,856,99,847,1607,3,3
1667970415,2022-11-08 23:06:55 -0600,f1d4e9736f94ffa7aa7ebd5da07699c9a419c5df,ND,38095,2,2022-11-09T01:00:00.000Z,FIPSCode,38095,0,2022-11-09T05:01:37.818Z,3,98.95,3,100,40775,557,65.76,41412,290,34.24,856,99,847,1607,3,3
1667970681,2022-11-08 23:11:21 -0600,dd69cd860a28762a05e9344e662f63641aef1dd4,ND,38095,2,2022-11-09T01:00:00.000Z,FIPSCode,38095,0,2022-11-09T05:01:37.818Z,3,98.95,3,100,40775,557,65.76,41412,290,34.24,856,99,847,1607,3,3
1667970944,2022-11-08 23:15:44 -0600,ade12abccb70834d17788a299f1a5de3ad7d230d,ND,38095,2,2022-11-09T01:00:00.000Z,FIPSCode,38095,0,2022-11-09T05:12:12.525Z,3,98.95,3,100,40775,557,65.76,41412,290,34.24,856,99,847,1607,3,3
1667971079,2022-11-08 23:17:59 -0600,1cf7281bce65e8581e70a1164dc3589ed87371d4,ND,38095,2,2022-11-09T01:00:00.000Z,FIPSCode,38095,0,2022-11-09T05:12:12.525Z,3,98.95,3,100,40775,557,65.76,41412,290,34.24,856,99,847,1607,3,3
1667971304,2022-11-08 23:21:44 -0600,1425fca56a9abad3e92162e44d8c52f320121f3e,ND,38095,2,2022-11-09T01:00:00.000Z,FIPSCode,38095,0,2022-11-09T05:20:31.471Z,3,98.95,3,100,40775,557,65.76,41412,290,34.24,856,99,847,1607,3,3
1667971657,2022-11-08 23:27:37 -0600,d29b633bc901fb24234e16251a717d43d2b1d6c1,ND,38095,2,2022-11-09T01:00:00.000Z,FIPSCode,38095,0,2022-11-09T05:26:48.782Z,3,98.95,3,100,40775,557,65.76,41412,290,34.24,856,99,847,1607,3,3
1667971785,2022-11-08 23:29:45 -0600,0263826aefa5e72057a0aaa213c232b6c0eefa0d,ND,38095,2,2022-11-09T01:00:00.000Z,FIPSCode,38095,0,2022-11-09T05:26:48.782Z,3,98.95,3,100,40775,557,65.76,41412,290,34.24,856,99,847,1607,3,3
1667972264,2022-11-08 23:37:44 -0600,32512d68a8869811d6b4c587f4ea396147ae27a4,ND,38095,2,2022-11-09T01:00:00.000Z,FIPSCode,38095,0,2022-11-09T05:31:05.221Z,3,98.95,3,100,40775,557,65.76,41412,290,34.24,856,99,847,1607,3,3
1667972364,2022-11-08 23:39:24 -0600,bfe9cb466aa6b65574c16effa903cd993efd4fe0,ND,38095,2,2022-11-09T01:00:00.000Z,FIPSCode,38095,0,2022-11-09T05:37:08.070Z,3,98.95,3,100,40775,557,65.76,41412,290,34.24,856,99,847,1607,3,3
1667972541,2022-11-08 23:42:21 -0600,d38f954f3e6be3d250d58a04e08655875ea7700c,ND,38095,2,2022-11-09T01:00:00.000Z,FIPSCode,38095,0,2022-11-09T05:37:08.070Z,3,98.95,3,100,40775,557,65.76,41412,290,34.24,856,99,847,1607,3,3
1667972810,2022-11-08 23:46:50 -0600,aa61daf8417c040e13c56de238053c966d7a0302,ND,38095,2,2022-11-09T01:00:00.000Z,FIPSCode,38095,0,2022-11-09T05:37:08.070Z,3,98.95,3,100,40775,557,65.76,41412,290,34.24,856,99,847,1607,3,3
1667973160,2022-11-08 23:52:40 -0600,a8c30e49fdf2578eef8c8f50f6106d095bb0fc07,ND,38095,2,2022-11-09T01:00:00.000Z,FIPSCode,38095,0,2022-11-09T05:37:08.070Z,3,98.95,3,100,40775,557,65.76,41412,290,34.24,856,99,847,1607,3,3
1667973424,2022-11-08 23:57:04 -0600,af3468c86121e4f756caa76aafa8fe74e6306883,ND,38095,2,2022-11-09T01:00:00.000Z,FIPSCode,38095,0,2022-11-09T05:56:02.109Z,3,98.95,3,100,40775,557,65.76,41412,290,34.24,856,99,847,1607,3,3
1667973793,2022-11-09 00:03:13 -0600,471324a7f30a6780d5e1d2eb6bf6c21c79776e91,ND,38095,2,2022-11-09T01:00:00.000Z,FIPSCode,38095,0,2022-11-09T06:02:19.417Z,3,98.95,3,100,40775,557,65.76,41412,290,34.24,856,99,847,1607,3,3
1667974050,2022-11-09 00:07:30 -0600,7abf683084771abb66bcbd62c846b6795b86899c,ND,38095,2,2022-11-09T01:00:00.000Z,FIPSCode,38095,0,2022-11-09T06:02:19.417Z,3,98.95,3,100,40775,557,65.76,41412,290,34.24,856,99,847,1607,3,3
1667974313,2022-11-09 00:11:53 -0600,6b3b0bacc6c41a15c188eab11ce932a1d154d208,ND,38095,2,2022-11-09T01:00:00.000Z,FIPSCode,38095,0,2022-11-09T06:02:19.417Z,3,98.95,3,100,40775,557,65.76,41412,290,34.24,856,99,847,1607,3,3
1667974664,2022-11-09 00:17:44 -0600,d987a91643923201706646f74ed6cc4da6a088a6,ND,38095,2,2022-11-09T01:00:00.000Z,FIPSCode,38095,0,2022-11-09T06:16:54.670Z,3,98.95,3,100,40775,557,65.76,41412,290,34.24,856,99,847,1607,3,3
1667974945,2022-11-09 00:22:25 -0600,681ef884856b9c75efe2b0acf64bb4a515303482,ND,38095,2,2022-11-09T01:00:00.000Z,FIPSCode,38095,0,2022-11-09T06:16:54.670Z,3,98.95,3,100,40775,557,65.76,41412,290,34.24,856,99,847,1607,3,3
1667975154,2022-11-09 00:25:54 -0600,e385cf3ed45230deb4315fbba874f4f4144f56b6,ND,38095,2,2022-11-09T01:00:00.000Z,FIPSCode,38095,0,2022-11-09T06:16:54.670Z,3,98.95,3,100,40775,557,65.76,41412,290,34.24,856,99,847,1607,3,3
1667975526,2022-11-09 00:32:06 -0600,5374366d2c6a2b7e8af014c09c7cd85c5fd86ee7,ND,38095,2,2022-11-09T01:00:00.000Z,FIPSCode,38095,0,2022-11-09T06:31:31.402Z,3,98.95,3,100,40775,557,65.76,41412,290,34.24,856,99,847,1607,3,3
1667975568,2022-11-09 00:32:48 -0600,0b16058e032a73c78e2e4b787403862608e151dd,ND,38095,2,2022-11-09T01:00:00.000Z,FIPSCode,38095,0,2022-11-09T06:31:31.402Z,3,98.95,3,100,40775,557,65.76,41412,290,34.24,856,99,847,1607,3,3
1667975815,2022-11-09 00:36:55 -0600,bd9ec1a9bacd26e63399e24cdeba1aa1e9b2608a,ND,38095,2,2022-11-09T01:00:00.000Z,FIPSCode,38095,0,2022-11-09T06:31:31.402Z,3,98.95,3,100,40775,557,65.76,41412,290,34.24,856,99,847,1607,3,3
1667976184,2022-11-09 00:43:04 -0600,fe83a024be41b5416de8f3b3aadef0173027df04,ND,38095,2,2022-11-09T01:00:00.000Z,FIPSCode,38095,0,2022-11-09T06:31:31.402Z,3,98.95,3,100,40775,557,65.76,41412,290,34.24,856,99,847,1607,3,3
1667976507,2022-11-09 00:48:27 -0600,209b6e99763633b1f7b84bb7726e9e7d3ee0aee1,ND,38095,2,2022-11-09T01:00:00.000Z,FIPSCode,38095,0,2022-11-09T06:31:31.402Z,3,98.95,3,100,40775,557,65.76,41412,290,34.24,856,99,847,1607,3,3
1667976671,2022-11-09 00:51:11 -0600,ea959052a4daa986b427aee926dc66fbdb41fd60,ND,38095,2,2022-11-09T01:00:00.000Z,FIPSCode,38095,0,2022-11-09T06:50:25.026Z,3,98.95,3,100,40775,557,65.76,41412,290,34.24,856,99,847,1607,3,3
1667977035,2022-11-09 00:57:15 -0600,89983779edad63b3a09a72677c82618581111910,ND,38095,2,2022-11-09T01:00:00.000Z,FIPSCode,38095,0,2022-11-09T06:56:42.421Z,3,98.95,3,100,40775,557,65.76,41412,290,34.24,856,99,847,1607,3,3
1667977288,2022-11-09 01:01:28 -0600,8a44f565442a4579e6df315edf5565e7f37a882b,ND,38095,2,2022-11-09T01:00:00.000Z,FIPSCode,38095,0,2022-11-09T07:00:44.554Z,3,98.95,3,100,40775,557,65.76,41412,290,34.24,856,99,847,1607,3,3
1667977490,2022-11-09 01:04:50 -0600,73af89bd198396be18bf17786481f7c1aff2cd2b,ND,38095,2,2022-11-09T01:00:00.000Z,FIPSCode,38095,0,2022-11-09T07:01:52.578Z,3,98.95,3,100,40775,557,65.76,41412,290,34.24,856,99,847,1607,3,3
1667979113,2022-11-09 01:31:53 -0600,0d95595a3cc63a938b8e112a44736f6a4c8ddf71,ND,38095,2,2022-11-09T01:00:00.000Z,FIPSCode,38095,0,2022-11-09T07:30:56.807Z,3,98.95,3,100,40775,557,65.76,41412,290,34.24,856,99,847,1607,3,3
1667979192,2022-11-09 01:33:12 -0600,bdaf4fc12fe65f7bcce0f8063c33ccd41427f273,ND,38095,2,2022-11-09T01:00:00.000Z,FIPSCode,38095,0,2022-11-09T07:30:56.807Z,3,98.95,3,100,40775,557,65.76,41412,290,34.24,856,99,847,1607,3,3
1667979433,2022-11-09 01:37:13 -0600,b7be8d17f50fbb84fade52b1ec374c1ebe32c0c9,ND,38095,2,2022-11-09T01:00:00.000Z,FIPSCode,38095,0,2022-11-09T07:36:19.647Z,3,98.95,3,100,40775,557,65.76,41412,290,34.24,856,99,847,1607,3,3
1667979727,2022-11-09 01:42:07 -0600,f41db939b852c033d0f66ec2a12ae59a5cf6c37a,ND,38095,2,2022-11-09T01:00:00.000Z,FIPSCode,38095,0,2022-11-09T07:36:19.647Z,3,98.95,3,100,40775,557,65.76,41412,290,34.24,856,99,847,1607,3,3
1667982199,2022-11-09 02:23:19 -0600,0f8260b25929c4b69b3b9d7f2f5fb7ed3444679e,ND,38095,2,2022-11-09T01:00:00.000Z,FIPSCode,38095,0,2022-11-09T08:21:49.606Z,3,98.95,3,100,40775,557,65.76,41412,290,34.24,856,99,847,1607,3,3
1667982438,2022-11-09 02:27:18 -0600,6e2d7519ed8d690e9b721451fb376f4d424b2540,ND,38095,2,2022-11-09T01:00:00.000Z,FIPSCode,38095,0,2022-11-09T08:26:28.795Z,3,98.95,3,100,40775,557,65.76,41412,290,34.24,856,99,847,1607,3,3
1667982675,2022-11-09 02:31:15 -0600,786807e6e366b393d0fa43f17f9992eb44d36d90,ND,38095,2,2022-11-09T01:00:00.000Z,FIPSCode,38095,0,2022-11-09T08:26:28.795Z,3,98.95,3,100,40775,557,65.76,41412,290,34.24,856,99,847,1607,3,3
1667982715,2022-11-09 02:31:55 -0600,adeb1bd568c98eed36a0f10c8c3df06cf197a331,ND,38095,2,2022-11-09T01:00:00.000Z,FIPSCode,38095,0,2022-11-09T08:30:45.892Z,3,98.95,3,100,40775,557,65.76,41412,290,34.24,856,99,847,1607,3,3
1667983389,2022-11-09 02:43:09 -0600,1ddd3dfbd0a60636dc0989de2dbe39844110e2a9,ND,38095,2,2022-11-09T01:00:00.000Z,FIPSCode,38095,0,2022-11-09T08:30:45.892Z,3,98.95,3,100,40775,557,65.76,41412,290,34.24,856,99,847,1607,3,3
1667983471,2022-11-09 02:44:31 -0600,70d36d9850461d49fa32ba3e867341f797936529,ND,38095,2,2022-11-09T01:00:00.000Z,FIPSCode,38095,0,2022-11-09T08:41:02.688Z,3,98.95,3,100,40775,557,65.76,41412,290,34.24,856,99,847,1607,3,3
1667983595,2022-11-09 02:46:35 -0600,2dd0aebbae72cb28f364a323cce9d6d3c29ae669,ND,38095,2,2022-11-09T01:00:00.000Z,FIPSCode,38095,0,2022-11-09T08:45:19.522Z,3,98.95,3,100,40775,557,65.76,41412,290,34.24,856,99,847,1607,3,3
1667983963,2022-11-09 02:52:43 -0600,f1299e7b87e7b24a37e8c19b46028623185c8975,ND,38095,2,2022-11-09T01:00:00.000Z,FIPSCode,38095,0,2022-11-09T08:45:19.522Z,3,98.95,3,100,40775,557,65.76,41412,290,34.24,856,99,847,1607,3,3
1667984202,2022-11-09 02:56:42 -0600,2a3d229469fbf73bd09fff993afa4c97a371b1a0,ND,38095,2,2022-11-09T01:00:00.000Z,FIPSCode,38095,0,2022-11-09T08:45:19.522Z,3,98.95,3,100,40775,557,65.76,41412,290,34.24,856,99,847,1607,3,3
1667984643,2022-11-09 03:04:03 -0600,c379357a888a5ba9047063da02c1ed2809e3ab76,ND,38095,2,2022-11-09T01:00:00.000Z,FIPSCode,38095,0,2022-11-09T08:45:19.522Z,3,98.95,3,100,40775,557,65.76,41412,290,34.24,856,99,847,1607,3,3
1667984848,2022-11-09 03:07:28 -0600,e9b16afb9db085ca2bb568866869f7546b9f3f94,ND,38095,2,2022-11-09T01:00:00.000Z,FIPSCode,38095,0,2022-11-09T08:45:19.522Z,3,98.95,3,100,40775,557,65.76,41412,290,34.24,856,99,847,1607,3,3
1667985052,2022-11-09 03:10:52 -0600,8db4cd830de981fcfc96ae5cfa5893c8fdf058d5,ND,38095,2,2022-11-09T01:00:00.000Z,FIPSCode,38095,0,2022-11-09T08:45:19.522Z,3,98.95,3,100,40775,557,65.76,41412,290,34.24,856,99,847,1607,3,3
1667985515,2022-11-09 03:18:35 -0600,31dd34586ab7b0bee9484705570a9db12d11e661,ND,38095,2,2022-11-09T01:00:00.000Z,FIPSCode,38095,0,2022-11-09T08:45:19.522Z,3,98.95,3,100,40775,557,65.76,41412,290,34.24,856,99,847,1607,3,3
1667985732,2022-11-09 03:22:12 -0600,3702b24fea3edad701ffe581ae9d29fa7027d761,ND,38095,2,2022-11-09T01:00:00.000Z,FIPSCode,38095,0,2022-11-09T09:20:51.309Z,3,98.95,3,100,40775,557,65.76,41412,290,34.24,856,99,847,1607,3,3
1667986070,2022-11-09 03:27:50 -0600,842d9624fa3e4ff5a6b6d21ac818296b8b09522a,ND,38095,2,2022-11-09T01:00:00.000Z,FIPSCode,38095,0,2022-11-09T09:27:08.979Z,3,98.95,3,100,40775,557,65.76,41412,290,34.24,856,99,847,1607,3,3
1667986312,2022-11-09 03:31:52 -0600,247a3d1d50873ce12e852fc2d9d50fa5f45ffbf7,ND,38095,2,2022-11-09T01:00:00.000Z,FIPSCode,38095,0,2022-11-09T09:31:09.845Z,3,98.95,3,100,40775,557,65.76,41412,290,34.24,856,99,847,1607,3,3
1667986752,2022-11-09 03:39:12 -0600,64c9b2e34cc426d9eb690d684a4c1ca2c713909d,ND,38095,2,2022-11-09T01:00:00.000Z,FIPSCode,38095,0,2022-11-09T09:31:09.845Z,3,98.95,3,100,40775,557,65.76,41412,290,34.24,856,99,847,1607,3,3
1667987035,2022-11-09 03:43:55 -0600,87b2642ee41f88bdc2e6caeced2634ba3e07813c,ND,38095,2,2022-11-09T01:00:00.000Z,FIPSCode,38095,0,2022-11-09T09:31:09.845Z,3,98.95,3,100,40775,557,65.76,41412,290,34.24,856,99,847,1607,3,3
1667987197,2022-11-09 03:46:37 -0600,c6de9a5ef91cb16901f36d62fb2513f293fa8ed2,ND,38095,2,2022-11-09T01:00:00.000Z,FIPSCode,38095,0,2022-11-09T09:31:09.845Z,3,98.95,3,100,40775,557,65.76,41412,290,34.24,856,99,847,1607,3,3
1667987563,2022-11-09 03:52:43 -0600,8abcd32a71680efad0e1b14075bb8680bae203ec,ND,38095,2,2022-11-09T01:00:00.000Z,FIPSCode,38095,0,2022-11-09T09:31:09.845Z,3,98.95,3,100,40775,557,65.76,41412,290,34.24,856,99,847,1607,3,3
1667987845,2022-11-09 03:57:25 -0600,04698ff03d3880ab18ac0be368b46275958c136c,ND,38095,2,2022-11-09T01:00:00.000Z,FIPSCode,38095,0,2022-11-09T09:31:09.845Z,3,98.95,3,100,40775,557,65.76,41412,290,34.24,856,99,847,1607,3,3
1667988091,2022-11-09 04:01:31 -0600,ad99db3e9080c7ed6200ad727ad2ea36cd855591,ND,38095,2,2022-11-09T01:00:00.000Z,FIPSCode,38095,0,2022-11-09T09:31:09.845Z,3,98.95,3,100,40775,557,65.76,41412,290,34.24,856,99,847,1607,3,3
1667988564,2022-11-09 04:09:24 -0600,2aeef9544d1832238b865b50255c72fd72952396,ND,38095,2,2022-11-09T01:00:00.000Z,FIPSCode,38095,0,2022-11-09T09:31:09.845Z,3,98.95,3,100,40775,557,65.76,41412,290,34.24,856,99,847,1607,3,3
1667988722,2022-11-09 04:12:02 -0600,bd79a899567605757bf50a8e1f566a203e64b328,ND,38095,2,2022-11-09T01:00:00.000Z,FIPSCode,38095,0,2022-11-09T09:31:09.845Z,3,98.95,3,100,40775,557,65.76,41412,290,34.24,856,99,847,1607,3,3
1667989081,2022-11-09 04:18:01 -0600,563fc595ee6cbed39038ea61943efe67b7efb8ba,ND,38095,2,2022-11-09T01:00:00.000Z,FIPSCode,38095,0,2022-11-09T09:31:09.845Z,3,98.95,3,100,40775,557,65.76,41412,290,34.24,856,99,847,1607,3,3
1667989322,2022-11-09 04:22:02 -0600,d457f03e4e72b327b99f4802024f635832ef663e,ND,38095,2,2022-11-09T01:00:00.000Z,FIPSCode,38095,0,2022-11-09T09:31:09.845Z,3,98.95,3,100,40775,557,65.76,41412,290,34.24,856,99,847,1607,3,3
1667989601,2022-11-09 04:26:41 -0600,dc86e4cd00902bc0e04bbdd36be1e9dd1552423e,ND,38095,2,2022-11-09T01:00:00.000Z,FIPSCode,38095,0,2022-11-09T10:25:33.091Z,3,98.95,3,100,40775,557,65.76,41412,290,34.24,856,99,847,1607,3,3
1667989964,2022-11-09 04:32:44 -0600,e12368fd650f7327d8a65280bef2d437245f4e91,ND,38095,2,2022-11-09T01:00:00.000Z,FIPSCode,38095,0,2022-11-09T10:31:50.342Z,3,98.95,3,100,40775,557,65.76,41412,290,34.24,856,99,847,1607,3,3
1667990206,2022-11-09 04:36:46 -0600,4d22e690cce917555fbfa3ae1082938f39d97783,ND,38095,2,2022-11-09T01:00:00.000Z,FIPSCode,38095,0,2022-11-09T10:31:50.342Z,3,98.95,3,100,40775,557,65.76,41412,290,34.24,856,99,847,1607,3,3
1667990565,2022-11-09 04:42:45 -0600,08df97d368be303a6d5e0c630c5d444a285fc06a,ND,38095,2,2022-11-09T01:00:00.000Z,FIPSCode,38095,0,2022-11-09T10:42:10.047Z,3,98.95,3,100,40775,557,65.76,41412,290,34.24,856,99,847,1607,3,3
1667990843,2022-11-09 04:47:23 -0600,4af9daa25625e86aa80d3bbb22a1f254ceb37c2b,ND,38095,2,2022-11-09T01:00:00.000Z,FIPSCode,38095,0,2022-11-09T10:42:10.047Z,3,98.95,3,100,40775,557,65.76,41412,290,34.24,856,99,847,1607,3,3
1667991206,2022-11-09 04:53:26 -0600,6cffc68bef231669149bccf87b74683f61f2d0fb,ND,38095,2,2022-11-09T01:00:00.000Z,FIPSCode,38095,0,2022-11-09T10:50:26.323Z,3,98.95,3,100,40775,557,65.76,41412,290,34.24,856,99,847,1607,3,3
1667991448,2022-11-09 04:57:28 -0600,5c33acd121e3ed637ebe523a9845e1113ed0e4c8,ND,38095,2,2022-11-09T01:00:00.000Z,FIPSCode,38095,0,2022-11-09T10:56:44.087Z,3,98.95,3,100,40775,557,65.76,41412,290,34.24,856,99,847,1607,3,3
1667991688,2022-11-09 05:01:28 -0600,4fcd2ee3e3bcac0c1c2c10b7e0f6729c62750215,ND,38095,2,2022-11-09T01:00:00.000Z,FIPSCode,38095,0,2022-11-09T11:01:00.898Z,3,98.95,3,100,40775,557,65.76,41412,290,34.24,856,99,847,1607,3,3
1667991728,2022-11-09 05:02:08 -0600,fa9f4eca65d0196b19eed1af63c7bf9ab65633e2,ND,38095,2,2022-11-09T01:00:00.000Z,FIPSCode,38095,0,2022-11-09T11:01:00.898Z,3,98.95,3,100,40775,557,65.76,41412,290,34.24,856,99,847,1607,3,3
1667992085,2022-11-09 05:08:05 -0600,c30f07bb6fa381a7fafe723e317ea5eecfa86d3d,ND,38095,2,2022-11-09T01:00:00.000Z,FIPSCode,38095,0,2022-11-09T11:01:00.898Z,3,98.95,3,100,40775,557,65.76,41412,290,34.24,856,99,847,1607,3,3
1667992319,2022-11-09 05:11:59 -0600,af0f6dd690788a456d96493e65fab070a09ac143,ND,38095,2,2022-11-09T01:00:00.000Z,FIPSCode,38095,0,2022-11-09T11:01:00.898Z,3,98.95,3,100,40775,557,65.76,41412,290,34.24,856,99,847,1607,3,3
1667992599,2022-11-09 05:16:39 -0600,14d7e5fd7f23c4f50e4f687366804cf424bba231,ND,38095,2,2022-11-09T01:00:00.000Z,FIPSCode,38095,0,2022-11-09T11:01:00.898Z,3,98.95,3,100,40775,557,65.76,41412,290,34.24,856,99,847,1607,3,3
1667992954,2022-11-09 05:22:34 -0600,197ce4dc974fd4b41dfbcbeaf18c60742cb50a48,ND,38095,2,2022-11-09T01:00:00.000Z,FIPSCode,38095,0,2022-11-09T11:01:00.898Z,3,98.95,3,100,40775,557,65.76,41412,290,34.24,856,99,847,1607,3,3
1667993194,2022-11-09 05:26:34 -0600,aaec70416eac8844dcef850d45672645bfecb7ca,ND,38095,2,2022-11-09T01:00:00.000Z,FIPSCode,38095,0,2022-11-09T11:01:00.898Z,3,98.95,3,100,40775,557,65.76,41412,290,34.24,856,99,847,1607,3,3
1667993598,2022-11-09 05:33:18 -0600,4a4c517814a8c988eb8c49e8c3274b82a2ead5b1,ND,38095,2,2022-11-09T01:00:00.000Z,FIPSCode,38095,0,2022-11-09T11:01:00.898Z,3,98.95,3,100,40775,557,65.76,41412,290,34.24,856,99,847,1607,3,3
1667994034,2022-11-09 05:40:34 -0600,fc5cd167d2620d4c06b3da55788a5f6d7ac38da2,ND,38095,2,2022-11-09T01:00:00.000Z,FIPSCode,38095,0,2022-11-09T11:01:00.898Z,3,98.95,3,100,40775,557,65.76,41412,290,34.24,856,99,847,1607,3,3
1667994074,2022-11-09 05:41:14 -0600,a4c43da0969a01ba96414112083180ea9f927cc7,ND,38095,2,2022-11-09T01:00:00.000Z,FIPSCode,38095,0,2022-11-09T11:01:00.898Z,3,98.95,3,100,40775,557,65.76,41412,290,34.24,856,99,847,1607,3,3
1667994470,2022-11-09 05:47:50 -0600,570ab91e0b4f915de52baec619bfee4d14dcca3f,ND,38095,2,2022-11-09T01:00:00.000Z,FIPSCode,38095,0,2022-11-09T11:46:51.673Z,3,98.95,3,100,40775,557,65.76,41412,290,34.24,856,99,847,1607,3,3
1667994708,2022-11-09 05:51:48 -0600,66060b3d2e5bdae91f679888203c8d3f20327697,ND,38095,2,2022-11-09T01:00:00.000Z,FIPSCode,38095,0,2022-11-09T11:46:51.673Z,3,98.95,3,100,40775,557,65.76,41412,290,34.24,856,99,847,1607,3,3
1667995068,2022-11-09 05:57:48 -0600,86e7c02664819435e1a7b3730440c014f49e30f4,ND,38095,2,2022-11-09T01:00:00.000Z,FIPSCode,38095,0,2022-11-09T11:57:11.233Z,3,98.95,3,100,40775,557,65.76,41412,290,34.24,856,99,847,1607,3,3
1667995348,2022-11-09 06:02:28 -0600,cc5f99ae0d5adc27ee657011f21f8c96241536e8,ND,38095,2,2022-11-09T01:00:00.000Z,FIPSCode,38095,0,2022-11-09T12:01:27.799Z,3,98.95,3,100,40775,557,65.76,41412,290,34.24,856,99,847,1607,3,3
1667995589,2022-11-09 06:06:29 -0600,2025f148fa354e45cf5b1ac8a4d30095a5f0adb2,ND,38095,2,2022-11-09T01:00:00.000Z,FIPSCode,38095,0,2022-11-09T12:05:28.980Z,3,98.95,3,100,40775,557,65.76,41412,290,34.24,856,99,847,1607,3,3
1667995949,2022-11-09 06:12:29 -0600,fef8a2a975466905454860bba33cc6d7eb96defa,ND,38095,2,2022-11-09T01:00:00.000Z,FIPSCode,38095,0,2022-11-09T12:05:28.980Z,3,98.95,3,100,40775,557,65.76,41412,290,34.24,856,99,847,1607,3,3
1667996193,2022-11-09 06:16:33 -0600,28e3ec10844b594254f975ce478ea7cf0a36394b,ND,38095,2,2022-11-09T01:00:00.000Z,FIPSCode,38095,0,2022-11-09T12:05:28.980Z,3,98.95,3,100,40775,557,65.76,41412,290,34.24,856,99,847,1607,3,3
1667996231,2022-11-09 06:17:11 -0600,85312c3826ed165592e32c619b5be8817bd5c146,ND,38095,2,2022-11-09T01:00:00.000Z,FIPSCode,38095,0,2022-11-09T12:05:28.980Z,3,98.95,3,100,40775,557,65.76,41412,290,34.24,856,99,847,1607,3,3
1667996598,2022-11-09 06:23:18 -0600,e026488316632a988d60d7a65b7a584a6760186a,ND,38095,2,2022-11-09T01:00:00.000Z,FIPSCode,38095,0,2022-11-09T12:05:28.980Z,3,98.95,3,100,40775,557,65.76,41412,290,34.24,856,99,847,1607,3,3
1667996837,2022-11-09 06:27:17 -0600,dba8831f71df0fb9ca84579d6bff02f47b2f5d3f,ND,38095,2,2022-11-09T01:00:00.000Z,FIPSCode,38095,0,2022-11-09T12:05:28.980Z,3,98.95,3,100,40775,557,65.76,41412,290,34.24,856,99,847,1607,3,3
1667997074,2022-11-09 06:31:14 -0600,d7450659f6282292927dcf89f6969214e4e4936e,ND,38095,2,2022-11-09T01:00:00.000Z,FIPSCode,38095,0,2022-11-09T12:05:28.980Z,3,98.95,3,100,40775,557,65.76,41412,290,34.24,856,99,847,1607,3,3
1667997477,2022-11-09 06:37:57 -0600,20d52e1e0c285944447af9756e04cf1e2fd1f8d8,ND,38095,2,2022-11-09T01:00:00.000Z,FIPSCode,38095,0,2022-11-09T12:05:28.980Z,3,98.95,3,100,40775,557,65.76,41412,290,34.24,856,99,847,1607,3,3
1667997716,2022-11-09 06:41:56 -0600,5861750232be122a4c8ac10d1d48862833a69bd2,ND,38095,2,2022-11-09T01:00:00.000Z,FIPSCode,38095,0,2022-11-09T12:40:59.047Z,3,98.95,3,100,40775,557,65.76,41412,290,34.24,856,99,847,1607,3,3
1667998076,2022-11-09 06:47:56 -0600,407678e26489b951ff177a269b97ea69f044149f,ND,38095,2,2022-11-09T01:00:00.000Z,FIPSCode,38095,0,2022-11-09T12:47:16.755Z,3,98.95,3,100,40775,557,65.76,41412,290,34.24,856,99,847,1607,3,3
1667998360,2022-11-09 06:52:40 -0600,a58fe5e482160272ae93301e588c5391355088af,ND,38095,2,2022-11-09T01:00:00.000Z,FIPSCode,38095,0,2022-11-09T12:47:16.755Z,3,98.95,3,100,40775,557,65.76,41412,290,34.24,856,99,847,1607,3,3
1667998757,2022-11-09 06:59:17 -0600,c7cf533d5050ace66db09f09de5b571df0350496,ND,38095,2,2022-11-09T01:00:00.000Z,FIPSCode,38095,0,2022-11-09T12:47:16.755Z,3,98.95,3,100,40775,557,65.76,41412,290,34.24,856,99,847,1607,3,3
1667998956,2022-11-09 07:02:36 -0600,1f9ce3b9b0613a55d7dfb8ed3630012e0b149a34,ND,38095,2,2022-11-09T01:00:00.000Z,FIPSCode,38095,0,2022-11-09T12:47:16.755Z,3,98.95,3,100,40775,557,65.76,41412,290,34.24,856,99,847,1607,3,3
1667999235,2022-11-09 07:07:15 -0600,9210782d8a9e5fd21140da65c015156eefcaa04b,ND,38095,2,2022-11-09T01:00:00.000Z,FIPSCode,38095,0,2022-11-09T12:47:16.755Z,3,98.95,3,100,40775,557,65.76,41412,290,34.24,856,99,847,1607,3,3
1667999601,2022-11-09 07:13:21 -0600,8816c73ae59275ec0a7adf18b607f3fa8e25d880,ND,38095,2,2022-11-09T01:00:00.000Z,FIPSCode,38095,0,2022-11-09T13:12:13.074Z,3,98.95,3,100,40775,557,65.76,41412,290,34.24,856,99,847,1607,3,3
1667999840,2022-11-09 07:17:20 -0600,34618c1c471321c7794705d1c2e9e8a53102c26c,ND,38095,2,2022-11-09T01:00:00.000Z,FIPSCode,38095,0,2022-11-09T13:16:28.763Z,3,98.95,3,100,40775,557,65.76,41412,290,34.24,856,99,847,1607,3,3
1668000083,2022-11-09 07:21:23 -0600,cd15fa44ef86c92ad60e6b0fe8210797c111ce2f,ND,38095,2,2022-11-09T01:00:00.000Z,FIPSCode,38095,0,2022-11-09T13:20:30.295Z,3,98.95,3,100,40775,557,65.76,41412,290,34.24,856,99,847,1607,3,3
1668000444,2022-11-09 07:27:24 -0600,3a586e35b11e7744a2a248a3b3e8f6b8cc1bc13d,ND,38095,2,2022-11-09T01:00:00.000Z,FIPSCode,38095,0,2022-11-09T13:26:48.044Z,3,98.95,3,100,40775,557,65.76,41412,290,34.24,856,99,847,1607,3,3
1668000726,2022-11-09 07:32:06 -0600,0e612da0c362a9261eaf72fefb7efb4c87c74054,ND,38095,2,2022-11-09T01:00:00.000Z,FIPSCode,38095,0,2022-11-09T13:26:48.044Z,3,98.95,3,100,40775,557,65.76,41412,290,34.24,856,99,847,1607,3,3
1668001085,2022-11-09 07:38:05 -0600,b9e6b6e893935309e67b17b865f01027379224d4,ND,38095,2,2022-11-09T01:00:00.000Z,FIPSCode,38095,0,2022-11-09T13:26:48.044Z,3,98.95,3,100,40775,557,65.76,41412,290,34.24,856,99,847,1607,3,3
1668001324,2022-11-09 07:42:04 -0600,249e7ab43e80cd6fe5da7ff00358168a7221893e,ND,38095,2,2022-11-09T01:00:00.000Z,FIPSCode,38095,0,2022-11-09T13:41:25.798Z,3,98.95,3,100,40775,557,65.76,41412,290,34.24,856,99,847,1607,3,3
1668001605,2022-11-09 07:46:45 -0600,47c9755e563b80c8c620fca9a94387278fc27481,ND,38095,2,2022-11-09T01:00:00.000Z,FIPSCode,38095,0,2022-11-09T13:45:42.471Z,3,98.95,3,100,40775,557,65.76,41412,290,34.24,856,99,847,1607,3,3
1668001965,2022-11-09 07:52:45 -0600,3953ba4db1ba4b9998cd5ffd51a3ee33a833a6b9,ND,38095,2,2022-11-09T01:00:00.000Z,FIPSCode,38095,0,2022-11-09T13:52:00.460Z,3,98.95,3,100,40775,557,65.76,41412,290,34.24,856,99,847,1607,3,3
1668002208,2022-11-09 07:56:48 -0600,45d49fb9bee2119e5bc9a55f17fdd6327a8348ec,ND,38095,2,2022-11-09T01:00:00.000Z,FIPSCode,38095,0,2022-11-09T13:52:00.460Z,3,98.95,3,100,40775,557,65.76,41412,290,34.24,856,99,847,1607,3,3
1668002607,2022-11-09 08:03:27 -0600,ff261b881a325c8d9255f39fb455fafb782b229e,ND,38095,2,2022-11-09T01:00:00.000Z,FIPSCode,38095,0,2022-11-09T14:02:20.174Z,3,98.95,3,100,40775,557,65.76,41412,290,34.24,856,99,847,1607,3,3
1668002852,2022-11-09 08:07:32 -0600,7a7da3394e290cff5b626e103f745fbea3ef433b,ND,38095,2,2022-11-09T01:00:00.000Z,FIPSCode,38095,0,2022-11-09T14:02:20.174Z,3,98.95,3,100,40775,557,65.76,41412,290,34.24,856,99,847,1607,3,3
1668003096,2022-11-09 08:11:36 -0600,9d78346e173da10030b89551765abc30dee7ec44,ND,38095,2,2022-11-09T01:00:00.000Z,FIPSCode,38095,0,2022-11-09T14:02:20.174Z,3,98.95,3,100,40775,557,65.76,41412,290,34.24,856,99,847,1607,3,3
1668003500,2022-11-09 08:18:20 -0600,a962d0258b51fca8269ffd171ba268eea4c63dfc,ND,38095,2,2022-11-09T01:00:00.000Z,FIPSCode,38095,0,2022-11-09T14:02:20.174Z,3,98.95,3,100,40775,557,65.76,41412,290,34.24,856,99,847,1607,3,3
1668003704,2022-11-09 08:21:44 -0600,c41593b16ca127788d392a80debfd0f906ce7c99,ND,38095,2,2022-11-09T01:00:00.000Z,FIPSCode,38095,0,2022-11-09T14:02:20.174Z,3,98.95,3,100,40775,557,65.76,41412,290,34.24,856,99,847,1607,3,3
1668004066,2022-11-09 08:27:46 -0600,5afcd795b5ad60809485a6833c3e89f7586ee4b7,ND,38095,2,2022-11-09T01:00:00.000Z,FIPSCode,38095,0,2022-11-09T14:02:20.174Z,3,98.95,3,100,40775,557,65.76,41412,290,34.24,856,99,847,1607,3,3
1668004106,2022-11-09 08:28:26 -0600,34044eb99747331d7e015a21c078f5ee04eb775d,ND,38095,2,2022-11-09T01:00:00.000Z,FIPSCode,38095,0,2022-11-09T14:02:20.174Z,3,98.95,3,100,40775,557,65.76,41412,290,34.24,856,99,847,1607,3,3
1668004310,2022-11-09 08:31:50 -0600,18a1dd450b17a57a17f543a50cd88e0f41c342d1,ND,38095,2,2022-11-09T01:00:00.000Z,FIPSCode,38095,0,2022-11-09T14:31:19.301Z,3,98.95,3,100,40775,557,65.76,41412,290,34.24,856,99,847,1607,3,3
1668004596,2022-11-09 08:36:36 -0600,eb6cf89279fbfa5cd60a7f462ce5c79fc0b0182a,ND,38095,2,2022-11-09T01:00:00.000Z,FIPSCode,38095,0,2022-11-09T14:35:37.388Z,3,98.95,3,100,40775,557,65.76,41412,290,34.24,856,99,847,1607,3,3
1668004957,2022-11-09 08:42:37 -0600,64feccf4baab464e2f46b790c9c973782cda35ad,ND,38095,2,2022-11-09T01:00:00.000Z,FIPSCode,38095,0,2022-11-09T14:35:37.388Z,3,98.95,3,100,40775,557,65.76,41412,290,34.24,856,99,847,1607,3,3
1668005199,2022-11-09 08:46:39 -0600,98ced53226593b95cf8386362fde9ccb2a44775b,ND,38095,2,2022-11-09T01:00:00.000Z,FIPSCode,38095,0,2022-11-09T14:35:37.388Z,3,98.95,3,100,40775,557,65.76,41412,290,34.24,856,99,847,1607,3,3
1668005601,2022-11-09 08:53:21 -0600,6f472d8575f1e7a4d8fdb6e2d182297a88cc5cbe,ND,38095,2,2022-11-09T01:00:00.000Z,FIPSCode,38095,0,2022-11-09T14:35:37.388Z,3,98.95,3,100,40775,557,65.76,41412,290,34.24,856,99,847,1607,3,3
1668005841,2022-11-09 08:57:21 -0600,12993f9fa4bbae6815cb69862bd0625d2669ac5c,ND,38095,2,2022-11-09T01:00:00.000Z,FIPSCode,38095,0,2022-11-09T14:35:37.388Z,3,98.95,3,100,40775,557,65.76,41412,290,34.24,856,99,847,1607,3,3
1668006085,2022-11-09 09:01:25 -0600,f4225b4431b1abfa2e5aed2b920a7f7aa5217c1a,ND,38095,2,2022-11-09T01:00:00.000Z,FIPSCode,38095,0,2022-11-09T14:35:37.388Z,3,98.95,3,100,40775,557,65.76,41412,290,34.24,856,99,847,1607,3,3
1668006452,2022-11-09 09:07:32 -0600,42a1033f1937c3b0511cd442b989732120775b3a,ND,38095,2,2022-11-09T01:00:00.000Z,FIPSCode,38095,0,2022-11-09T15:06:51.025Z,3,98.95,3,100,40775,557,65.76,41412,290,34.24,856,99,847,1607,3,3
1668006696,2022-11-09 09:11:36 -0600,8e20658c1fbcb1f007bb0768d4729295c12ec3a9,ND,38095,2,2022-11-09T01:00:00.000Z,FIPSCode,38095,0,2022-11-09T15:11:06.363Z,3,98.95,3,100,40775,557,65.76,41412,290,34.24,856,99,847,1607,3,3
1668007105,2022-11-09 09:18:25 -0600,1a24f83ca1cf403357e2b24fa6c87497103d847e,ND,38095,2,2022-11-09T01:00:00.000Z,FIPSCode,38095,0,2022-11-09T15:17:22.809Z,3,98.95,3,100,40775,557,65.76,41412,290,34.24,856,99,847,1607,3,3
1668007346,2022-11-09 09:22:26 -0600,f6b980a00d97c3c687f3cb686a576e58833e7e35,ND,38095,2,2022-11-09T01:00:00.000Z,FIPSCode,38095,0,2022-11-09T15:21:26.349Z,3,98.95,3,100,40775,557,65.76,41412,290,34.24,856,99,847,1607,3,3
1668007672,2022-11-09 09:27:52 -0600,d2fae316d1cdcc38fce18fe769ac97b545fa77dc,ND,38095,2,2022-11-09T01:00:00.000Z,FIPSCode,38095,0,2022-11-09T15:21:26.349Z,3,98.95,3,100,40775,557,65.76,41412,290,34.24,856,99,847,1607,3,3
1668007958,2022-11-09 09:32:38 -0600,9ee2c56ac32030f31659c088b6cae3bac4d7e870,ND,38095,2,2022-11-09T01:00:00.000Z,FIPSCode,38095,0,2022-11-09T15:21:26.349Z,3,98.95,3,100,40775,557,65.76,41412,290,34.24,856,99,847,1607,3,3
1668008202,2022-11-09 09:36:42 -0600,a2a3f777d5bf91f45fb3fb657ffd78f4c8edc2f0,ND,38095,2,2022-11-09T01:00:00.000Z,FIPSCode,38095,0,2022-11-09T15:21:26.349Z,3,98.95,3,100,40775,557,65.76,41412,290,34.24,856,99,847,1607,3,3
1668008605,2022-11-09 09:43:25 -0600,07f360cc2ba5105c5f02f855cd5f4098e61e4ca9,ND,38095,2,2022-11-09T01:00:00.000Z,FIPSCode,38095,0,2022-11-09T15:42:21.366Z,3,98.95,3,100,40775,557,65.76,41412,290,34.24,856,99,847,1607,3,3
1668008811,2022-11-09 09:46:51 -0600,af91d94677404b54ebad3dd25a0cba4098d7569d,ND,38095,2,2022-11-09T01:00:00.000Z,FIPSCode,38095,0,2022-11-09T15:46:23.172Z,3,98.95,3,100,40775,557,65.76,41412,290,34.24,856,99,847,1607,3,3
1668009097,2022-11-09 09:51:37 -0600,da607f5d2265cb4100a2d56c17b13c4421b1c146,ND,38095,2,2022-11-09T01:00:00.000Z,FIPSCode,38095,0,2022-11-09T15:46:23.172Z,3,98.95,3,100,40775,557,65.76,41412,290,34.24,856,99,847,1607,3,3
1668009466,2022-11-09 09:57:46 -0600,403ca7e5cc3ea0259720dcc478172fa6d2b8852b,ND,38095,2,2022-11-09T01:00:00.000Z,FIPSCode,38095,0,2022-11-09T15:46:23.172Z,3,98.95,3,100,40775,557,65.76,41412,290,34.24,856,99,847,1607,3,3
1668009710,2022-11-09 10:01:50 -0600,74116622b8c9b2150fa904b12a554af9ef5dfe6f,ND,38095,2,2022-11-09T01:00:00.000Z,FIPSCode,38095,0,2022-11-09T15:46:23.172Z,3,98.95,3,100,40775,557,65.76,41412,290,34.24,856,99,847,1607,3,3
1668010078,2022-11-09 10:07:58 -0600,c64d9949bd83aacb0615ca297bcbf8884d3fa4a5,ND,38095,2,2022-11-09T01:00:00.000Z,FIPSCode,38095,0,2022-11-09T15:46:23.172Z,3,98.95,3,100,40775,557,65.76,41412,290,34.24,856,99,847,1607,3,3
1668010329,2022-11-09 10:12:09 -0600,2c68f6da732af379db0136e9620f465556d8bc74,ND,38095,2,2022-11-09T01:00:00.000Z,FIPSCode,38095,0,2022-11-09T15:46:23.172Z,3,98.95,3,100,40775,557,65.76,41412,290,34.24,856,99,847,1607,3,3
1668010579,2022-11-09 10:16:19 -0600,592a3bc68988af696982d033e96f0cab9e847320,ND,38095,2,2022-11-09T01:00:00.000Z,FIPSCode,38095,0,2022-11-09T15:46:23.172Z,3,98.95,3,100,40775,557,65.76,41412,290,34.24,856,99,847,1607,3,3
1668010991,2022-11-09 10:23:11 -0600,d615054313803abcb992949d65a79f2b63ccab60,ND,38095,2,2022-11-09T01:00:00.000Z,FIPSCode,38095,0,2022-11-09T15:46:23.172Z,3,98.95,3,100,40775,557,65.76,41412,290,34.24,856,99,847,1607,3,3
1668011278,2022-11-09 10:27:58 -0600,89fa544870eee2597fbb47bcdb0446569b121cd8,ND,38095,2,2022-11-09T01:00:00.000Z,FIPSCode,38095,0,2022-11-09T15:46:23.172Z,3,98.95,3,100,40775,557,65.76,41412,290,34.24,856,99,847,1607,3,3
1668011611,2022-11-09 10:33:31 -0600,f3f6883815ce84e4ce7a1017d96eb264bf16e15a,ND,38095,2,2022-11-09T01:00:00.000Z,FIPSCode,38095,0,2022-11-09T15:46:23.172Z,3,98.95,3,100,40775,557,65.76,41412,290,34.24,856,99,847,1607,3,3
1668011858,2022-11-09 10:37:38 -0600,9ce43455b29f3ffd2d310815b60ae125f6313581,ND,38095,2,2022-11-09T01:00:00.000Z,FIPSCode,38095,0,2022-11-09T16:36:30.123Z,3,98.95,3,100,40775,557,65.76,41412,290,34.24,856,99,847,1607,3,3
1668012107,2022-11-09 10:41:47 -0600,c035c67210a2add268f40ad917cbf1ad527e7938,ND,38095,2,2022-11-09T01:00:00.000Z,FIPSCode,38095,0,2022-11-09T16:40:46.509Z,3,98.95,3,100,40775,557,65.76,41412,290,34.24,856,99,847,1607,3,3
1668012438,2022-11-09 10:47:18 -0600,a02188bd30597b29cdaea684f8e35ee87eeca8a4,ND,38095,2,2022-11-09T01:00:00.000Z,FIPSCode,38095,0,2022-11-09T16:40:46.509Z,3,98.95,3,100,40775,557,65.76,41412,290,34.24,856,99,847,1607,3,3
1668186810,2022-11-11 11:13:30 -0600,0bcefcf303e1084c92019e86708413dcb5c6d84c,ND,38095,2,2022-11-09T01:00:00.000Z,FIPSCode,38095,0,2022-11-09T16:40:46.509Z,3,98.95,3,100,40775,557,65.76,41412,290,34.24,856,99,847,1607,3,3
1668187558,2022-11-11 11:25:58 -0600,b064b64bd1be9865510ff7ba0f4770c5ed0ac107,ND,38095,2,2022-11-09T01:00:00.000Z,FIPSCode,38095,0,2022-11-09T16:40:46.509Z,3,98.95,3,100,40775,557,65.76,41412,290,34.24,856,99,847,1607,3,3
1668189375,2022-11-11 11:56:15 -0600,ac975cd513b3fb1efa992a762c86ada0b758ed07,ND,38095,2,2022-11-09T01:00:00.000Z,FIPSCode,38095,0,2022-11-09T16:40:46.509Z,3,98.95,3,100,40775,557,65.76,41412,290,34.24,856,99,847,1607,3,3
1668189416,2022-11-11 11:56:56 -0600,4f84e16bb7a727a1f017cdaff4ac181cc24c67db,ND,38095,2,2022-11-09T01:00:00.000Z,FIPSCode,38095,0,2022-11-11T17:56:01.236Z,3,98.95,3,100,40775,557,65.76,41412,290,34.24,856,99,847,1607,3,3
1668189499,2022-11-11 11:58:19 -0600,a51489f9cb099c1a94e9ec4f0110d0f507d231aa,ND,38095,2,2022-11-09T01:00:00.000Z,FIPSCode,38095,0,2022-11-11T17:57:36.732Z,3,98.95,3,100,40775,557,65.76,41412,290,34.24,856,99,847,1607,3,3
1668189745,2022-11-11 12:02:25 -0600,b59f063f7564f36c2ff810d870a8054dd5627327,ND,38095,2,2022-11-09T01:00:00.000Z,FIPSCode,38095,0,2022-11-11T17:57:36.732Z,3,98.95,3,100,40775,557,65.76,41412,290,34.24,856,99,847,1607,3,3
1668189988,2022-11-11 12:06:28 -0600,abfec55bdd305b41da9b92c02308f97be53c393f,ND,38095,2,2022-11-09T01:00:00.000Z,FIPSCode,38095,0,2022-11-11T18:05:56.955Z,3,98.95,3,100,40775,557,65.76,41412,290,34.24,856,99,847,1607,3,3
1668190354,2022-11-11 12:12:34 -0600,d75b0c2b763a8ac3aa4a7502446cb97dcaf2ecd7,ND,38095,2,2022-11-09T01:00:00.000Z,FIPSCode,38095,0,2022-11-11T18:05:56.955Z,3,98.95,3,100,40775,557,65.76,41412,290,34.24,856,99,847,1607,3,3
1668190641,2022-11-11 12:17:21 -0600,3cc0cb73ff718d460780cdf0939782585c13dac9,ND,38095,2,2022-11-09T01:00:00.000Z,FIPSCode,38095,0,2022-11-11T18:05:56.955Z,3,98.95,3,100,40775,557,65.76,41412,290,34.24,856,99,847,1607,3,3
1668190884,2022-11-11 12:21:24 -0600,a85a56ae562a5cc3d93d6b51add01c9fe2e50738,ND,38095,2,2022-11-09T01:00:00.000Z,FIPSCode,38095,0,2022-11-11T18:20:32.524Z,3,98.95,3,100,40775,557,65.76,41412,290,34.24,856,99,847,1607,3,3
1668191252,2022-11-11 12:27:32 -0600,b5eb632df98379bffc54e674f00525dc0dfc4da5,ND,38095,2,2022-11-09T01:00:00.000Z,FIPSCode,38095,0,2022-11-11T18:20:32.524Z,3,98.95,3,100,40775,557,65.76,41412,290,34.24,856,99,847,1607,3,3
1668191498,2022-11-11 12:31:38 -0600,a4e7371b76b5a9cb628d04eec50d347ec0d26779,ND,38095,2,2022-11-09T01:00:00.000Z,FIPSCode,38095,0,2022-11-11T18:20:32.524Z,3,98.95,3,100,40775,557,65.76,41412,290,34.24,856,99,847,1607,3,3
1668192079,2022-11-11 12:41:19 -0600,a493a39e7b2bd0df6b9e0bd080817086312fe492,ND,38095,2,2022-11-09T01:00:00.000Z,FIPSCode,38095,0,2022-11-11T18:37:09.074Z,3,98.95,3,100,40775,557,65.76,41412,290,34.24,856,99,847,1607,3,3
1668192121,2022-11-11 12:42:01 -0600,1cd078fc9b7837061b86584d74cae20fa1a74374,ND,38095,2,2022-11-09T01:00:00.000Z,FIPSCode,38095,0,2022-11-11T18:41:12.029Z,3,98.95,3,100,40775,557,65.76,41412,290,34.24,856,99,847,1607,3,3
1668192374,2022-11-11 12:46:14 -0600,cc4d041d6c908ecf252ec5bc312d7ebfe500b6b9,ND,38095,2,2022-11-09T01:00:00.000Z,FIPSCode,38095,0,2022-11-11T18:41:12.029Z,3,98.95,3,100,40775,557,65.76,41412,290,34.24,856,99,847,1607,3,3
1668192747,2022-11-11 12:52:27 -0600,1cacf1e070f253f9e751880e381483aebc60e04a,ND,38095,2,2022-11-09T01:00:00.000Z,FIPSCode,38095,0,2022-11-11T18:41:12.029Z,3,98.95,3,100,40775,557,65.76,41412,290,34.24,856,99,847,1607,3,3
1668192996,2022-11-11 12:56:36 -0600,c41dcf766c9ac3bc00e19320f0d552d4d1442bc3,ND,38095,2,2022-11-09T01:00:00.000Z,FIPSCode,38095,0,2022-11-11T18:41:12.029Z,3,98.95,3,100,40775,557,65.76,41412,290,34.24,856,99,847,1607,3,3
1668193369,2022-11-11 13:02:49 -0600,186eb7ac564d1c4e686a29443b50fbfeab614da9,ND,38095,2,2022-11-09T01:00:00.000Z,FIPSCode,38095,0,2022-11-11T18:41:12.029Z,3,98.95,3,100,40775,557,65.76,41412,290,34.24,856,99,847,1607,3,3
1668193617,2022-11-11 13:06:57 -0600,aecfce7415de9bb70b3ddc8c78cc1d8cca2013e0,ND,38095,2,2022-11-09T01:00:00.000Z,FIPSCode,38095,0,2022-11-11T18:41:12.029Z,3,98.95,3,100,40775,557,65.76,41412,290,34.24,856,99,847,1607,3,3
1668193867,2022-11-11 13:11:07 -0600,9aefbd75574f6cef306699f4fe91b9f25f652dad,ND,38095,2,2022-11-09T01:00:00.000Z,FIPSCode,38095,0,2022-11-11T19:10:23.218Z,3,98.95,3,100,40775,557,65.76,41412,290,34.24,856,99,847,1607,3,3
1668194242,2022-11-11 13:17:22 -0600,0e8d4bb93c82c6ed7218950d09b52d5bec85cd51,ND,38095,2,2022-11-09T01:00:00.000Z,FIPSCode,38095,0,2022-11-11T19:16:41.030Z,3,98.95,3,100,40775,557,65.76,41412,290,34.24,856,99,847,1607,3,3
1668194493,2022-11-11 13:21:33 -0600,3a72007bf60b716b5d4aab52c4661c6d95e89f36,ND,38095,2,2022-11-09T01:00:00.000Z,FIPSCode,38095,0,2022-11-11T19:16:41.030Z,3,98.95,3,100,40775,557,65.76,41412,290,34.24,856,99,847,1607,3,3
1668194908,2022-11-11 13:28:28 -0600,48e163c463c2c788ffaf20959ec5708cf9af60ff,ND,38095,2,2022-11-09T01:00:00.000Z,FIPSCode,38095,0,2022-11-11T19:16:41.030Z,3,98.95,3,100,40775,557,65.76,41412,290,34.24,856,99,847,1607,3,3
1668195118,2022-11-11 13:31:58 -0600,7775140da4a707504a30503e05d4e8c3ad3b1ee5,ND,38095,2,2022-11-09T01:00:00.000Z,FIPSCode,38095,0,2022-11-11T19:31:18.790Z,3,98.95,3,100,40775,557,65.76,41412,290,34.24,856,99,847,1607,3,3
1668195368,2022-11-11 13:36:08 -0600,adf49dbbc752ca1d95627c17ef6fbfc0e4a99208,ND,38095,2,2022-11-09T01:00:00.000Z,FIPSCode,38095,0,2022-11-11T19:35:36.348Z,3,98.95,3,100,40775,557,65.76,41412,290,34.24,856,99,847,1607,3,3
1668195786,2022-11-11 13:43:06 -0600,39060a19b58f5335dfd15eb8a1e4fe6088a6e827,ND,38095,2,2022-11-09T01:00:00.000Z,FIPSCode,38095,0,2022-11-11T19:35:36.348Z,3,98.95,3,100,40775,557,65.76,41412,290,34.24,856,99,847,1607,3,3
1668195997,2022-11-11 13:46:37 -0600,a7b1ea0e2b7c75c27ab408081416b9622ffb3ef4,ND,38095,2,2022-11-09T01:00:00.000Z,FIPSCode,38095,0,2022-11-11T19:35:36.348Z,3,98.95,3,100,40775,557,65.76,41412,290,34.24,856,99,847,1607,3,3
1668196374,2022-11-11 13:52:54 -0600,37cff1b3e79789e78f6ac0312714dd529c3585a7,ND,38095,2,2022-11-09T01:00:00.000Z,FIPSCode,38095,0,2022-11-11T19:52:12.690Z,3,98.95,3,100,40775,557,65.76,41412,290,34.24,856,99,847,1607,3,3
1668196626,2022-11-11 13:57:06 -0600,d309d5d325eb7d3971ced1db16a2bc87354b6f7c,ND,38095,2,2022-11-09T01:00:00.000Z,FIPSCode,38095,0,2022-11-11T19:56:30.061Z,3,98.95,3,100,40775,557,65.76,41412,290,34.24,856,99,847,1607,3,3
1668196875,2022-11-11 14:01:15 -0600,a26cca1ec3051cddc95b2c8ac2d0ceb1b74cee54,ND,38095,2,2022-11-09T01:00:00.000Z,FIPSCode,38095,0,2022-11-11T20:00:32.370Z,3,98.95,3,100,40775,557,65.76,41412,290,34.24,856,99,847,1607,3,3
1668197253,2022-11-11 14:07:33 -0600,f5944ad3ed9d8b8b407bb5735aaa5b7530338462,ND,38095,2,2022-11-09T01:00:00.000Z,FIPSCode,38095,0,2022-11-11T20:00:32.370Z,3,98.95,3,100,40775,557,65.76,41412,290,34.24,856,99,847,1607,3,3
1668197505,2022-11-11 14:11:45 -0600,5ba5b17e0ad9d560e6584daefc5f2678d349f2e7,ND,38095,2,2022-11-09T01:00:00.000Z,FIPSCode,38095,0,2022-11-11T20:11:06.498Z,3,98.95,3,100,40775,557,65.76,41412,290,34.24,856,99,847,1607,3,3
1668197884,2022-11-11 14:18:04 -0600,cb6c5a39c5e92967782f195c09f49bd248f2d828,ND,38095,2,2022-11-09T01:00:00.000Z,FIPSCode,38095,0,2022-11-11T20:17:09.242Z,3,98.95,3,100,40775,557,65.76,41412,290,34.24,856,99,847,1607,3,3
1668198139,2022-11-11 14:22:19 -0600,d5352db8c21e1d5f92355d772edf5badadfa16fb,ND,38095,2,2022-11-09T01:00:00.000Z,FIPSCode,38095,0,2022-11-11T20:21:27.199Z,3,98.95,3,100,40775,557,65.76,41412,290,34.24,856,99,847,1607,3,3
1668198390,2022-11-11 14:26:30 -0600,50cb81c7079ea2ca8acaf9b975cd30faf6f0866f,ND,38095,2,2022-11-09T01:00:00.000Z,FIPSCode,38095,0,2022-11-11T20:21:27.199Z,3,98.95,3,100,40775,557,65.76,41412,290,34.24,856,99,847,1607,3,3
1668198768,2022-11-11 14:32:48 -0600,9d3bef8f69b6f0739a0aa9ef100078cee83144d5,ND,38095,2,2022-11-09T01:00:00.000Z,FIPSCode,38095,0,2022-11-11T20:31:47.447Z,3,98.95,3,100,40775,557,65.76,41412,290,34.24,856,99,847,1607,3,3
1668199020,2022-11-11 14:37:00 -0600,c73a5cc6526a11a42fcdddeb155cc4bb785ca4c1,ND,38095,2,2022-11-09T01:00:00.000Z,FIPSCode,38095,0,2022-11-11T20:36:03.591Z,3,98.95,3,100,40775,557,65.76,41412,290,34.24,856,99,847,1607,3,3
1668199399,2022-11-11 14:43:19 -0600,29da2425c3ffc6ba1c24087aa6b06ba9c6388362,ND,38095,2,2022-11-09T01:00:00.000Z,FIPSCode,38095,0,2022-11-11T20:36:03.591Z,3,98.95,3,100,40775,557,65.76,41412,290,34.24,856,99,847,1607,3,3
1668199647,2022-11-11 14:47:27 -0600,a620f7b77491b498480c56ca654bf1889a920e81,ND,38095,2,2022-11-09T01:00:00.000Z,FIPSCode,38095,0,2022-11-11T20:46:22.891Z,3,98.95,3,100,40775,557,65.76,41412,290,34.24,856,99,847,1607,3,3
1668199977,2022-11-11 14:52:57 -0600,46472d3ec1a09a042c1a6c9b1a1e0a4dff850a5d,ND,38095,2,2022-11-09T01:00:00.000Z,FIPSCode,38095,0,2022-11-11T20:50:41.207Z,3,98.95,3,100,40775,557,65.76,41412,290,34.24,856,99,847,1607,3,3
1668200269,2022-11-11 14:57:49 -0600,75c8708379c281b8d246621560522543620f0a0e,ND,38095,2,2022-11-09T01:00:00.000Z,FIPSCode,38095,0,2022-11-11T20:50:41.207Z,3,98.95,3,100,40775,557,65.76,41412,290,34.24,856,99,847,1607,3,3
1668200519,2022-11-11 15:01:59 -0600,1636f830b7fee83b2fe34a502f2efaa79a6ad969,ND,38095,2,2022-11-09T01:00:00.000Z,FIPSCode,38095,0,2022-11-11T20:50:41.207Z,3,98.95,3,100,40775,557,65.76,41412,290,34.24,856,99,847,1607,3,3
1668200897,2022-11-11 15:08:17 -0600,8d442764f22c3caeda49b7fe73acff0598adcc87,ND,38095,2,2022-11-09T01:00:00.000Z,FIPSCode,38095,0,2022-11-11T20:50:41.207Z,3,98.95,3,100,40775,557,65.76,41412,290,34.24,856,99,847,1607,3,3
1668201148,2022-11-11 15:12:28 -0600,6d7dd903e71e57779d8966c60fc0a9e05676d920,ND,38095,2,2022-11-09T01:00:00.000Z,FIPSCode,38095,0,2022-11-11T21:11:35.208Z,3,98.95,3,100,40775,557,65.76,41412,290,34.24,856,99,847,1607,3,3
1668201393,2022-11-11 15:16:33 -0600,0ad60cbd0572f25ea09ae9d84f8ce563ff328cce,ND,38095,2,2022-11-09T01:00:00.000Z,FIPSCode,38095,0,2022-11-11T21:15:37.170Z,3,98.95,3,100,40775,557,65.76,41412,290,34.24,856,99,847,1607,3,3
1668201768,2022-11-11 15:22:48 -0600,87455f6a99fc39d6e0bc6b1f060d6456db1b869f,ND,38095,2,2022-11-09T01:00:00.000Z,FIPSCode,38095,0,2022-11-11T21:15:37.170Z,3,98.95,3,100,40775,557,65.76,41412,290,34.24,856,99,847,1607,3,3
1668202018,2022-11-11 15:26:58 -0600,bc7a18335d0a8a95e7d71af31b8fb6538be72a87,ND,38095,2,2022-11-09T01:00:00.000Z,FIPSCode,38095,0,2022-11-11T21:15:37.170Z,3,98.95,3,100,40775,557,65.76,41412,290,34.24,856,99,847,1607,3,3
1668202394,2022-11-11 15:33:14 -0600,1f6c7834febd3e753071e4ab6fdf95645ea2c03f,ND,38095,2,2022-11-09T01:00:00.000Z,FIPSCode,38095,0,2022-11-11T21:15:37.170Z,3,98.95,3,100,40775,557,65.76,41412,290,34.24,856,99,847,1607,3,3
1668202643,2022-11-11 15:37:23 -0600,08be9b6b3b2856ee7ebcba357bb09aaca8de32ce,ND,38095,2,2022-11-09T01:00:00.000Z,FIPSCode,38095,0,2022-11-11T21:15:37.170Z,3,98.95,3,100,40775,557,65.76,41412,290,34.24,856,99,847,1607,3,3
1668202892,2022-11-11 15:41:32 -0600,4ba27e1a0f0a3fcf6b8e9b7391150a4b4baf3437,ND,38095,2,2022-11-09T01:00:00.000Z,FIPSCode,38095,0,2022-11-11T21:40:33.279Z,3,98.95,3,100,40775,557,65.76,41412,290,34.24,856,99,847,1607,3,3
1668203265,2022-11-11 15:47:45 -0600,e6ed7475cbafa23701e455b02048fdb2c925b933,ND,38095,2,2022-11-09T01:00:00.000Z,FIPSCode,38095,0,2022-11-11T21:46:50.341Z,3,98.95,3,100,40775,557,65.76,41412,290,34.24,856,99,847,1607,3,3
1668203516,2022-11-11 15:51:56 -0600,7dafe1d9a077e6d51901f71a26485f5d0f49d3cd,ND,38095,2,2022-11-09T01:00:00.000Z,FIPSCode,38095,0,2022-11-11T21:46:50.341Z,3,98.95,3,100,40775,557,65.76,41412,290,34.24,856,99,847,1607,3,3
1668203770,2022-11-11 15:56:10 -0600,441330319f40c57cbbebc577c7fa33348996051c,ND,38095,2,2022-11-09T01:00:00.000Z,FIPSCode,38095,0,2022-11-11T21:46:50.341Z,3,98.95,3,100,40775,557,65.76,41412,290,34.24,856,99,847,1607,3,3
1668204189,2022-11-11 16:03:09 -0600,6733e1284d84ee437a86cd68a4cfbd58f7f375e0,ND,38095,2,2022-11-09T01:00:00.000Z,FIPSCode,38095,0,2022-11-11T21:46:50.341Z,3,98.95,3,100,40775,557,65.76,41412,290,34.24,856,99,847,1607,3,3
1668204397,2022-11-11 16:06:37 -0600,a6fce1d8ae1d66327249627907a91f4d135ca19c,ND,38095,2,2022-11-09T01:00:00.000Z,FIPSCode,38095,0,2022-11-11T22:05:45.741Z,3,98.95,3,100,40775,557,65.76,41412,290,34.24,856,99,847,1607,3,3
1668204774,2022-11-11 16:12:54 -0600,b27c7b796c03f31dfa48b06c8862f8348e36a8f5,ND,38095,2,2022-11-09T01:00:00.000Z,FIPSCode,38095,0,2022-11-11T22:12:03.520Z,3,98.95,3,100,40775,557,65.76,41412,290,34.24,856,99,847,1607,3,3
1668205026,2022-11-11 16:17:06 -0600,1bef6ce041382536cc1a16b000f6261caaca76ab,ND,38095,2,2022-11-09T01:00:00.000Z,FIPSCode,38095,0,2022-11-11T22:16:04.790Z,3,98.95,3,100,40775,557,65.76,41412,290,34.24,856,99,847,1607,3,3
1668205272,2022-11-11 16:21:12 -0600,7010720f194699a63cf5a9d17df73970f3708562,ND,38095,2,2022-11-09T01:00:00.000Z,FIPSCode,38095,0,2022-11-11T22:20:21.616Z,3,98.95,3,100,40775,557,65.76,41412,290,34.24,856,99,847,1607,3,3
1668205650,2022-11-11 16:27:30 -0600,a2ba293151b00d2c9344f6a63f4c88a7e17eb91d,ND,38095,2,2022-11-09T01:00:00.000Z,FIPSCode,38095,0,2022-11-11T22:20:21.616Z,3,98.95,3,100,40775,557,65.76,41412,290,34.24,856,99,847,1607,3,3
1668205900,2022-11-11 16:31:40 -0600,7499c80ed38ba36da3a16aaf4b649e75a4ad1dd9,ND,38095,2,2022-11-09T01:00:00.000Z,FIPSCode,38095,0,2022-11-11T22:20:21.616Z,3,98.95,3,100,40775,557,65.76,41412,290,34.24,856,99,847,1607,3,3
1668206277,2022-11-11 16:37:57 -0600,06091cc578eaa93522b3584a8f02c5b8c63ac203,ND,38095,2,2022-11-09T01:00:00.000Z,FIPSCode,38095,0,2022-11-11T22:20:21.616Z,3,98.95,3,100,40775,557,65.76,41412,290,34.24,856,99,847,1607,3,3
1668206529,2022-11-11 16:42:09 -0600,279d3751d3cb526b05053d49d653e7f3421db260,ND,38095,2,2022-11-09T01:00:00.000Z,FIPSCode,38095,0,2022-11-11T22:41:16.829Z,3,98.95,3,100,40775,557,65.76,41412,290,34.24,856,99,847,1607,3,3
1668206779,2022-11-11 16:46:19 -0600,f86abc10da8b909eed871c00e473df8abcbc3c5a,ND,38095,2,2022-11-09T01:00:00.000Z,FIPSCode,38095,0,2022-11-11T22:41:16.829Z,3,98.95,3,100,40775,557,65.76,41412,290,34.24,856,99,847,1607,3,3
1668207193,2022-11-11 16:53:13 -0600,488c073b78bbbd270c13516b08ea5ae57d0b328e,ND,38095,2,2022-11-09T01:00:00.000Z,FIPSCode,38095,0,2022-11-11T22:51:35.961Z,3,98.95,3,100,40775,557,65.76,41412,290,34.24,856,99,847,1607,3,3
1668207403,2022-11-11 16:56:43 -0600,cab718c5767e5be458fad63ba7edefd500f12216,ND,38095,2,2022-11-09T01:00:00.000Z,FIPSCode,38095,0,2022-11-11T22:55:53.157Z,3,98.95,3,100,40775,557,65.76,41412,290,34.24,856,99,847,1607,3,3
1668207787,2022-11-11 17:03:07 -0600,5edba85562262c34cf7b91c485b2ceca6bd9b1e2,ND,38095,2,2022-11-09T01:00:00.000Z,FIPSCode,38095,0,2022-11-11T22:55:53.157Z,3,98.95,3,100,40775,557,65.76,41412,290,34.24,856,99,847,1607,3,3
1668208036,2022-11-11 17:07:16 -0600,a7581c7c5bc0dec53bde2eb637def9e3039c7609,ND,38095,2,2022-11-09T01:00:00.000Z,FIPSCode,38095,0,2022-11-11T23:06:12.332Z,3,98.95,3,100,40775,557,65.76,41412,290,34.24,856,99,847,1607,3,3
1668208287,2022-11-11 17:11:27 -0600,5d860bd1d40995555916a73419dd7bba93eefa85,ND,38095,2,2022-11-09T01:00:00.000Z,FIPSCode,38095,0,2022-11-11T23:10:29.470Z,3,98.95,3,100,40775,557,65.76,41412,290,34.24,856,99,847,1607,3,3
1668208624,2022-11-11 17:17:04 -0600,67fc0196317d873c0b2ba2ab3fdb60dd888ad660,ND,38095,2,2022-11-09T01:00:00.000Z,FIPSCode,38095,0,2022-11-11T23:16:32.506Z,3,98.95,3,100,40775,557,65.76,41412,290,34.24,856,99,847,1607,3,3
1668208919,2022-11-11 17:21:59 -0600,2c11c520f8d89edc2435ecc73c95376fcad7a9de,ND,38095,2,2022-11-09T01:00:00.000Z,FIPSCode,38095,0,2022-11-11T23:16:32.506Z,3,98.95,3,100,40775,557,65.76,41412,290,34.24,856,99,847,1607,3,3
1668209294,2022-11-11 17:28:14 -0600,7314dc5797521cfa61f26299404a8ca4eed331ff,ND,38095,2,2022-11-09T01:00:00.000Z,FIPSCode,38095,0,2022-11-11T23:16:32.506Z,3,98.95,3,100,40775,557,65.76,41412,290,34.24,856,99,847,1607,3,3
1668209504,2022-11-11 17:31:44 -0600,d70b15bd241079d8995a5dfe931f348c1d24adde,ND,38095,2,2022-11-09T01:00:00.000Z,FIPSCode,38095,0,2022-11-11T23:16:32.506Z,3,98.95,3,100,40775,557,65.76,41412,290,34.24,856,99,847,1607,3,3
1668209754,2022-11-11 17:35:54 -0600,3c8689bbca4ccd481d284034caf6c3b98142467c,ND,38095,2,2022-11-09T01:00:00.000Z,FIPSCode,38095,0,2022-11-11T23:16:32.506Z,3,98.95,3,100,40775,557,65.76,41412,290,34.24,856,99,847,1607,3,3
1668209797,2022-11-11 17:36:37 -0600,308092b4e79769ef8d465525ce9307beb07242c2,ND,38095,2,2022-11-09T01:00:00.000Z,FIPSCode,38095,0,2022-11-11T23:35:25.782Z,3,98.95,3,100,40775,557,65.76,41412,290,34.24,856,99,847,1607,3,3
1668210134,2022-11-11 17:42:14 -0600,eff25d5e153e65241811a6bd3e37c5ad8a51e8ff,ND,38095,2,2022-11-09T01:00:00.000Z,FIPSCode,38095,0,2022-11-11T23:35:25.782Z,3,98.95,3,100,40775,557,65.76,41412,290,34.24,856,99,847,1607,3,3
1668210385,2022-11-11 17:46:25 -0600,c5cab0f7dbf8aa8ef5ec0304ac8d7c5bd71fe4e3,ND,38095,2,2022-11-09T01:00:00.000Z,FIPSCode,38095,0,2022-11-11T23:35:25.782Z,3,98.95,3,100,40775,557,65.76,41412,290,34.24,856,99,847,1607,3,3
1668210760,2022-11-11 17:52:40 -0600,36f765414e21e73e6c80817aea9c3cd4f8cbee35,ND,38095,2,2022-11-09T01:00:00.000Z,FIPSCode,38095,0,2022-11-11T23:52:03.818Z,3,98.95,3,100,40775,557,65.76,41412,290,34.24,856,99,847,1607,3,3
1668211013,2022-11-11 17:56:53 -0600,5a4221107b0ab1fcc4888eb0c216432170cd0cb4,ND,38095,2,2022-11-09T01:00:00.000Z,FIPSCode,38095,0,2022-11-11T23:52:03.818Z,3,98.95,3,100,40775,557,65.76,41412,290,34.24,856,99,847,1607,3,3
1668211264,2022-11-11 18:01:04 -0600,d70a08dfe106f169df382d7a05febfb81ac96759,ND,38095,2,2022-11-09T01:00:00.000Z,FIPSCode,38095,0,2022-11-12T00:00:21.654Z,3,98.95,3,100,40775,557,65.76,41412,290,34.24,856,99,847,1607,3,3
1668211643,2022-11-11 18:07:23 -0600,1c9c5a729eaae1d0862214245f8c5cfa9443a8b7,ND,38095,2,2022-11-09T01:00:00.000Z,FIPSCode,38095,0,2022-11-12T00:06:38.008Z,3,98.95,3,100,40775,557,65.76,41412,290,34.24,856,99,847,1607,3,3
1668211895,2022-11-11 18:11:35 -0600,2b2a5528c30006bb1952191d4aada8a3f1fc142f,ND,38095,2,2022-11-09T01:00:00.000Z,FIPSCode,38095,0,2022-11-12T00:10:56.665Z,3,98.95,3,100,40775,557,65.76,41412,290,34.24,856,99,847,1607,3,3
1668212274,2022-11-11 18:17:54 -0600,27be7ae5ffdfd9ddecfa3a48fb962ca57134c201,ND,38095,2,2022-11-09T01:00:00.000Z,FIPSCode,38095,0,2022-11-12T00:17:13.057Z,3,98.95,3,100,40775,557,65.76,41412,290,34.24,856,99,847,1607,3,3
1668212524,2022-11-11 18:22:04 -0600,328ce05700bda800a36bfbefd1585530f62435ea,ND,38095,2,2022-11-09T01:00:00.000Z,FIPSCode,38095,0,2022-11-12T00:21:15.048Z,3,98.95,3,100,40775,557,65.76,41412,290,34.24,856,99,847,1607,3,3
1668212776,2022-11-11 18:26:16 -0600,244d96fbf2f90929a98cdfce796feec7442c7b01,ND,38095,2,2022-11-09T01:00:00.000Z,FIPSCode,38095,0,2022-11-12T00:25:32.936Z,3,98.95,3,100,40775,557,65.76,41412,290,34.24,856,99,847,1607,3,3
1668213152,2022-11-11 18:32:32 -0600,6cc165f35d725fbc378bc7d99172c14227e0367e,ND,38095,2,2022-11-09T01:00:00.000Z,FIPSCode,38095,0,2022-11-12T00:25:32.936Z,3,98.95,3,100,40775,557,65.76,41412,290,34.24,856,99,847,1607,3,3
1668213403,2022-11-11 18:36:43 -0600,da1fabe708448d7953dc09232447443b9e2d9e5f,ND,38095,2,2022-11-09T01:00:00.000Z,FIPSCode,38095,0,2022-11-12T00:25:32.936Z,3,98.95,3,100,40775,557,65.76,41412,290,34.24,856,99,847,1607,3,3
1668213777,2022-11-11 18:42:57 -0600,2c6f8ece1144d63b9a3cbd29a669f741b0a21bf2,ND,38095,2,2022-11-09T01:00:00.000Z,FIPSCode,38095,0,2022-11-12T00:25:32.936Z,3,98.95,3,100,40775,557,65.76,41412,290,34.24,856,99,847,1607,3,3
1668214027,2022-11-11 18:47:07 -0600,945f088dc39e16ca206ea02a1d2755f0ac945a1a,ND,38095,2,2022-11-09T01:00:00.000Z,FIPSCode,38095,0,2022-11-12T00:46:12.473Z,3,98.95,3,100,40775,557,65.76,41412,290,34.24,856,99,847,1607,3,3
1668214288,2022-11-11 18:51:28 -0600,8df72d3d4f58e05a5180911262658dcc5395a18b,ND,38095,2,2022-11-09T01:00:00.000Z,FIPSCode,38095,0,2022-11-12T00:46:12.473Z,3,98.95,3,100,40775,557,65.76,41412,290,34.24,856,99,847,1607,3,3
1668214665,2022-11-11 18:57:45 -0600,b04c44112d05df10cfcf32ab8372d03f2e89a803,ND,38095,2,2022-11-09T01:00:00.000Z,FIPSCode,38095,0,2022-11-12T00:56:47.073Z,3,98.95,3,100,40775,557,65.76,41412,290,34.24,856,99,847,1607,3,3
1668214913,2022-11-11 19:01:53 -0600,aed726b59560a1c24e80ef34b190f55dff2ecce4,ND,38095,2,2022-11-09T01:00:00.000Z,FIPSCode,38095,0,2022-11-12T00:56:47.073Z,3,98.95,3,100,40775,557,65.76,41412,290,34.24,856,99,847,1607,3,3
1668215285,2022-11-11 19:08:05 -0600,7714ab24652b1bf20545bb8f11893ab2f8aafb4a,ND,38095,2,2022-11-09T01:00:00.000Z,FIPSCode,38095,0,2022-11-12T01:07:06.965Z,3,98.95,3,100,40775,557,65.76,41412,290,34.24,856,99,847,1607,3,3
1668215536,2022-11-11 19:12:16 -0600,449d1bee4f409af7b007e66a0b448aa02cb7db6d,ND,38095,2,2022-11-09T01:00:00.000Z,FIPSCode,38095,0,2022-11-12T01:11:23.233Z,3,98.95,3,100,40775,557,65.76,41412,290,34.24,856,99,847,1607,3,3
1668215782,2022-11-11 19:16:22 -0600,7907a62247492d10adcbdcbf14845c2e8fcd42cc,ND,38095,2,2022-11-09T01:00:00.000Z,FIPSCode,38095,0,2022-11-12T01:11:23.233Z,3,98.95,3,100,40775,557,65.76,41412,290,34.24,856,99,847,1607,3,3
1668216154,2022-11-11 19:22:34 -0600,8b495c3a575bd471677f85a7fb17ae060798ab40,ND,38095,2,2022-11-09T01:00:00.000Z,FIPSCode,38095,0,2022-11-12T01:11:23.233Z,3,98.95,3,100,40775,557,65.76,41412,290,34.24,856,99,847,1607,3,3
1668216400,2022-11-11 19:26:40 -0600,9f96961265fa3617aa6df9ffa373de12d0c6fb85,ND,38095,2,2022-11-09T01:00:00.000Z,FIPSCode,38095,0,2022-11-12T01:11:23.233Z,3,98.95,3,100,40775,557,65.76,41412,290,34.24,856,99,847,1607,3,3
1668216768,2022-11-11 19:32:48 -0600,0e6db12376e5e71c9d6a298d1278bf8ace0335a4,ND,38095,2,2022-11-09T01:00:00.000Z,FIPSCode,38095,0,2022-11-12T01:11:23.233Z,3,98.95,3,100,40775,557,65.76,41412,290,34.24,856,99,847,1607,3,3
1668217018,2022-11-11 19:36:58 -0600,16a89c7fe118ee552590d8a60c8ee7f7b02b650b,ND,38095,2,2022-11-09T01:00:00.000Z,FIPSCode,38095,0,2022-11-12T01:11:23.233Z,3,98.95,3,100,40775,557,65.76,41412,290,34.24,856,99,847,1607,3,3
1668217307,2022-11-11 19:41:47 -0600,dc973c7f5272c2d28bf9d5401cfa5ce8c4a0106e,ND,38095,2,2022-11-09T01:00:00.000Z,FIPSCode,38095,0,2022-11-12T01:40:37.075Z,3,98.95,3,100,40775,557,65.76,41412,290,34.24,856,99,847,1607,3,3
1668217677,2022-11-11 19:47:57 -0600,abbe43065f87ac4903076b260928660b4c223f7b,ND,38095,2,2022-11-09T01:00:00.000Z,FIPSCode,38095,0,2022-11-12T01:46:55.511Z,3,98.95,3,100,40775,557,65.76,41412,290,34.24,856,99,847,1607,3,3
1668217922,2022-11-11 19:52:02 -0600,247cff019d15ffef1721894b7f2bc86fdf031dc1,ND,38095,2,2022-11-09T01:00:00.000Z,FIPSCode,38095,0,2022-11-12T01:50:56.795Z,3,98.95,3,100,40775,557,65.76,41412,290,34.24,856,99,847,1607,3,3
1668218288,2022-11-11 19:58:08 -0600,a2fd6f74973ec7433dd03467bc39b862f8bdd9e0,ND,38095,2,2022-11-09T01:00:00.000Z,FIPSCode,38095,0,2022-11-12T01:50:56.795Z,3,98.95,3,100,40775,557,65.76,41412,290,34.24,856,99,847,1607,3,3
1668218535,2022-11-11 20:02:15 -0600,54d4bb722d0aff9842e5af61b5db5757233094b6,ND,38095,2,2022-11-09T01:00:00.000Z,FIPSCode,38095,0,2022-11-12T02:01:31.851Z,3,98.95,3,100,40775,557,65.76,41412,290,34.24,856,99,847,1607,3,3
1668218778,2022-11-11 20:06:18 -0600,f7f862912ea6998aec12cb97fe84dafa3772efd0,ND,38095,2,2022-11-09T01:00:00.000Z,FIPSCode,38095,0,2022-11-12T02:01:31.851Z,3,98.95,3,100,40775,557,65.76,41412,290,34.24,856,99,847,1607,3,3
1668219148,2022-11-11 20:12:28 -0600,a78791e591a9e0793d15457c09cba3e191e98011,ND,38095,2,2022-11-09T01:00:00.000Z,FIPSCode,38095,0,2022-11-12T02:11:52.409Z,3,98.95,3,100,40775,557,65.76,41412,290,34.24,856,99,847,1607,3,3
1668219436,2022-11-11 20:17:16 -0600,48b14c7402a5a293917fba880cd374319a4d33eb,ND,38095,2,2022-11-09T01:00:00.000Z,FIPSCode,38095,0,2022-11-12T02:11:52.409Z,3,98.95,3,100,40775,557,65.76,41412,290,34.24,856,99,847,1607,3,3
1668219810,2022-11-11 20:23:30 -0600,5ddaee74ba540abdc699ef808a19d4f1a7666716,ND,38095,2,2022-11-09T01:00:00.000Z,FIPSCode,38095,0,2022-11-12T02:11:52.409Z,3,98.95,3,100,40775,557,65.76,41412,290,34.24,856,99,847,1607,3,3
1668220055,2022-11-11 20:27:35 -0600,03c1009df2461bd386ac8a82d35b929f4b55d9be,ND,38095,2,2022-11-09T01:00:00.000Z,FIPSCode,38095,0,2022-11-12T02:11:52.409Z,3,98.95,3,100,40775,557,65.76,41412,290,34.24,856,99,847,1607,3,3
1668220302,2022-11-11 20:31:42 -0600,af6150e82498935ef3fcbc5ff34b661a6cf1ac60,ND,38095,2,2022-11-09T01:00:00.000Z,FIPSCode,38095,0,2022-11-12T02:30:43.542Z,3,98.95,3,100,40775,557,65.76,41412,290,34.24,856,99,847,1607,3,3
1668220671,2022-11-11 20:37:51 -0600,8b4d5df63839be16752a70a600e7caf037fdc995,ND,38095,2,2022-11-09T01:00:00.000Z,FIPSCode,38095,0,2022-11-12T02:30:43.542Z,3,98.95,3,100,40775,557,65.76,41412,290,34.24,856,99,847,1607,3,3
1668220917,2022-11-11 20:41:57 -0600,afcfb37199d1ef2288644d30b5e0b55aa13fb7da,ND,38095,2,2022-11-09T01:00:00.000Z,FIPSCode,38095,0,2022-11-12T02:41:03.799Z,3,98.95,3,100,40775,557,65.76,41412,290,34.24,856,99,847,1607,3,3
1668221289,2022-11-11 20:48:09 -0600,b6998645c74a6103d3e93fb3af3a34101b7c912d,ND,38095,2,2022-11-09T01:00:00.000Z,FIPSCode,38095,0,2022-11-12T02:47:21.212Z,3,98.95,3,100,40775,557,65.76,41412,290,34.24,856,99,847,1607,3,3
1668221535,2022-11-11 20:52:15 -0600,2c6caf58e6dbe091344fc2a873bd7c42de4e1adb,ND,38095,2,2022-11-09T01:00:00.000Z,FIPSCode,38095,0,2022-11-12T02:51:22.188Z,3,98.95,3,100,40775,557,65.76,41412,290,34.24,856,99,847,1607,3,3
1668221862,2022-11-11 20:57:42 -0600,33cb53df592667a9a0342499fae8136ace97c98b,ND,38095,2,2022-11-09T01:00:00.000Z,FIPSCode,38095,0,2022-11-12T02:55:40.096Z,3,98.95,3,100,40775,557,65.76,41412,290,34.24,856,99,847,1607,3,3
1668222188,2022-11-11 21:03:08 -0600,11a6757034f3deec277b36676c4e5a7d4f1f7aaf,ND,38095,2,2022-11-09T01:00:00.000Z,FIPSCode,38095,0,2022-11-12T02:55:40.096Z,3,98.95,3,100,40775,557,65.76,41412,290,34.24,856,99,847,1607,3,3
1668222434,2022-11-11 21:07:14 -0600,7cbf3343901e6a3290f8c7640a6c08584295d6f8,ND,38095,2,2022-11-09T01:00:00.000Z,FIPSCode,38095,0,2022-11-12T02:55:40.096Z,3,98.95,3,100,40775,557,65.76,41412,290,34.24,856,99,847,1607,3,3
1668222801,2022-11-11 21:13:21 -0600,6b1465a8b1849e77a023f896d2daeec7df0fac10,ND,38095,2,2022-11-09T01:00:00.000Z,FIPSCode,38095,0,2022-11-12T02:55:40.096Z,3,98.95,3,100,40775,557,65.76,41412,290,34.24,856,99,847,1607,3,3
1668223047,2022-11-11 21:17:27 -0600,e61ab10f40deda520f900cc9284b1cc09f287236,ND,38095,2,2022-11-09T01:00:00.000Z,FIPSCode,38095,0,2022-11-12T02:55:40.096Z,3,98.95,3,100,40775,557,65.76,41412,290,34.24,856,99,847,1607,3,3
1668223294,2022-11-11 21:21:34 -0600,e689d2da94d2df9d723bf1cd49fd5345f7811a34,ND,38095,2,2022-11-09T01:00:00.000Z,FIPSCode,38095,0,2022-11-12T02:55:40.096Z,3,98.95,3,100,40775,557,65.76,41412,290,34.24,856,99,847,1607,3,3
1668223662,2022-11-11 21:27:42 -0600,cbb3def8487eb419b4b12c548ad37dbeb525356c,ND,38095,2,2022-11-09T01:00:00.000Z,FIPSCode,38095,0,2022-11-12T03:26:55.186Z,3,98.95,3,100,40775,557,65.76,41412,290,34.24,856,99,847,1607,3,3
1668223909,2022-11-11 21:31:49 -0600,ddc3f3fdc7756ac5e4771b73e062cbd4613f490f,ND,38095,2,2022-11-09T01:00:00.000Z,FIPSCode,38095,0,2022-11-12T03:26:55.186Z,3,98.95,3,100,40775,557,65.76,41412,290,34.24,856,99,847,1607,3,3
1668224280,2022-11-11 21:38:00 -0600,cec4a13bd2e45b8a6580460dd40ec655ba9bf2a1,ND,38095,2,2022-11-09T01:00:00.000Z,FIPSCode,38095,0,2022-11-12T03:37:15.132Z,3,98.95,3,100,40775,557,65.76,41412,290,34.24,856,99,847,1607,3,3
1668224534,2022-11-11 21:42:14 -0600,1679a225b3d6f007c36611aaa2020ed3e7cfa57d,ND,38095,2,2022-11-09T01:00:00.000Z,FIPSCode,38095,0,2022-11-12T03:41:32.616Z,3,98.95,3,100,40775,557,65.76,41412,290,34.24,856,99,847,1607,3,3
1668224787,2022-11-11 21:46:27 -0600,d4f8cc58b742360bbfc5f4c6958b8ae986495f66,ND,38095,2,2022-11-09T01:00:00.000Z,FIPSCode,38095,0,2022-11-12T03:45:34.388Z,3,98.95,3,100,40775,557,65.76,41412,290,34.24,856,99,847,1607,3,3
1668225164,2022-11-11 21:52:44 -0600,a9ff396d588c177c83ca256a4f630188dfc0d35f,ND,38095,2,2022-11-09T01:00:00.000Z,FIPSCode,38095,0,2022-11-12T03:51:50.957Z,3,98.95,3,100,40775,557,65.76,41412,290,34.24,856,99,847,1607,3,3
1668225420,2022-11-11 21:57:00 -0600,0a5a5ebee68f945ad9b89e39c62b002f7ac3544b,ND,38095,2,2022-11-09T01:00:00.000Z,FIPSCode,38095,0,2022-11-12T03:56:08.231Z,3,98.95,3,100,40775,557,65.76,41412,290,34.24,856,99,847,1607,3,3
1668225797,2022-11-11 22:03:17 -0600,40611e7be09f3e272156d2bda2732e5ce1a90ef4,ND,38095,2,2022-11-09T01:00:00.000Z,FIPSCode,38095,0,2022-11-12T03:56:08.231Z,3,98.95,3,100,40775,557,65.76,41412,290,34.24,856,99,847,1607,3,3
1668226046,2022-11-11 22:07:26 -0600,71e463af56663ee0ddf18cf20656450249d8d98c,ND,38095,2,2022-11-09T01:00:00.000Z,FIPSCode,38095,0,2022-11-12T04:06:28.516Z,3,98.95,3,100,40775,557,65.76,41412,290,34.24,856,99,847,1607,3,3
1668226296,2022-11-11 22:11:36 -0600,4a7c45f811b8ee82ce60d54a4da89bf4bd155198,ND,38095,2,2022-11-09T01:00:00.000Z,FIPSCode,38095,0,2022-11-12T04:06:28.516Z,3,98.95,3,100,40775,557,65.76,41412,290,34.24,856,99,847,1607,3,3
1668226672,2022-11-11 22:17:52 -0600,bf8ae20dc0ed55438b8b1e47ae9c404ae0912f06,ND,38095,2,2022-11-09T01:00:00.000Z,FIPSCode,38095,0,2022-11-12T04:16:47.442Z,3,98.95,3,100,40775,557,65.76,41412,290,34.24,856,99,847,1607,3,3
1668226922,2022-11-11 22:22:02 -0600,e41bb0faed22c41f0f6b4ef4bb981e196c87fbe9,ND,38095,2,2022-11-09T01:00:00.000Z,FIPSCode,38095,0,2022-11-12T04:21:04.626Z,3,98.95,3,100,40775,557,65.76,41412,290,34.24,856,99,847,1607,3,3
1668227300,2022-11-11 22:28:20 -0600,e2b85161b8c71c6bbcce869ff5bce3ed1c693ce3,ND,38095,2,2022-11-09T01:00:00.000Z,FIPSCode,38095,0,2022-11-12T04:27:23.593Z,3,98.95,3,100,40775,557,65.76,41412,290,34.24,856,99,847,1607,3,3
1668227555,2022-11-11 22:32:35 -0600,a749b2a23e041cb70eadd68f77125e8304466ff3,ND,38095,2,2022-11-09T01:00:00.000Z,FIPSCode,38095,0,2022-11-12T04:27:23.593Z,3,98.95,3,100,40775,557,65.76,41412,290,34.24,856,99,847,1607,3,3
1668227811,2022-11-11 22:36:51 -0600,8e8bf02b77d36ecb5cc434f667b2afc778971264,ND,38095,2,2022-11-09T01:00:00.000Z,FIPSCode,38095,0,2022-11-12T04:27:23.593Z,3,98.95,3,100,40775,557,65.76,41412,290,34.24,856,99,847,1607,3,3
1668228193,2022-11-11 22:43:13 -0600,d2a308199b31f90d7fbe0117ba803c99edd92962,ND,38095,2,2022-11-09T01:00:00.000Z,FIPSCode,38095,0,2022-11-12T04:42:00.830Z,3,98.95,3,100,40775,557,65.76,41412,290,34.24,856,99,847,1607,3,3
1668228399,2022-11-11 22:46:39 -0600,5f7c07ed5686545b27cf9e0ad732ee2ac8c29c43,ND,38095,2,2022-11-09T01:00:00.000Z,FIPSCode,38095,0,2022-11-12T04:46:03.394Z,3,98.95,3,100,40775,557,65.76,41412,290,34.24,856,99,847,1607,3,3
1668228813,2022-11-11 22:53:33 -0600,3e7979b0ff3ebb15ba0ae5f72487fcf6a1210136,ND,38095,2,2022-11-09T01:00:00.000Z,FIPSCode,38095,0,2022-11-12T04:46:03.394Z,3,98.95,3,100,40775,557,65.76,41412,290,34.24,856,99,847,1607,3,3
1668229021,2022-11-11 22:57:01 -0600,854f25b8f378a40971ab7d56da2a4e4264770310,ND,38095,2,2022-11-09T01:00:00.000Z,FIPSCode,38095,0,2022-11-12T04:46:03.394Z,3,98.95,3,100,40775,557,65.76,41412,290,34.24,856,99,847,1607,3,3
1668229313,2022-11-11 23:01:53 -0600,566f385f47013afdbfbacd046ca89ee4b51196ee,ND,38095,2,2022-11-09T01:00:00.000Z,FIPSCode,38095,0,2022-11-12T04:46:03.394Z,3,98.95,3,100,40775,557,65.76,41412,290,34.24,856,99,847,1607,3,3
1668229725,2022-11-11 23:08:45 -0600,78c87ce8ba1ab56f2b28e17c4afecbf4b2ac288c,ND,38095,2,2022-11-09T01:00:00.000Z,FIPSCode,38095,0,2022-11-12T05:06:57.385Z,3,98.95,3,100,40775,557,65.76,41412,290,34.24,856,99,847,1607,3,3
1668229936,2022-11-11 23:12:16 -0600,3e1a9aff512b65a56bad9932450285ddd987a834,ND,38095,2,2022-11-09T01:00:00.000Z,FIPSCode,38095,0,2022-11-12T05:10:59.217Z,3,98.95,3,100,40775,557,65.76,41412,290,34.24,856,99,847,1607,3,3
1668230270,2022-11-11 23:17:50 -0600,9c86cbbbcdaa96fe09ea703cb575ab4295703d6f,ND,38095,2,2022-11-09T01:00:00.000Z,FIPSCode,38095,0,2022-11-12T05:10:59.217Z,3,98.95,3,100,40775,557,65.76,41412,290,34.24,856,99,847,1607,3,3
1668230523,2022-11-11 23:22:03 -0600,54b5aa8f6c20a12e56bdff6fae982a28a386b8f8,ND,38095,2,2022-11-09T01:00:00.000Z,FIPSCode,38095,0,2022-11-12T05:10:59.217Z,3,98.95,3,100,40775,557,65.76,41412,290,34.24,856,99,847,1607,3,3
1668230568,2022-11-11 23:22:48 -0600,6bbb1598e668c929cc1cddb6c5578d61d338af74,ND,38095,2,2022-11-09T01:00:00.000Z,FIPSCode,38095,0,2022-11-12T05:21:32.549Z,3,98.95,3,100,40775,557,65.76,41412,290,34.24,856,99,847,1607,3,3
1668230865,2022-11-11 23:27:45 -0600,0eca77e06104183a7cd078288e475c80fb43fe1f,ND,38095,2,2022-11-09T01:00:00.000Z,FIPSCode,38095,0,2022-11-12T05:25:35.346Z,3,98.95,3,100,40775,557,65.76,41412,290,34.24,856,99,847,1607,3,3
1668231160,2022-11-11 23:32:40 -0600,0537e01673534649bc6c533e3cd0edd1d86f68d1,ND,38095,2,2022-11-09T01:00:00.000Z,FIPSCode,38095,0,2022-11-12T05:25:35.346Z,3,98.95,3,100,40775,557,65.76,41412,290,34.24,856,99,847,1607,3,3
1668231406,2022-11-11 23:36:46 -0600,c4add7d79f7b7ff3b83c2cc9dbf20035f0327420,ND,38095,2,2022-11-09T01:00:00.000Z,FIPSCode,38095,0,2022-11-12T05:35:56.034Z,3,98.95,3,100,40775,557,65.76,41412,290,34.24,856,99,847,1607,3,3
1668231777,2022-11-11 23:42:57 -0600,2da89b1b066004014b99973a6c114580885e7d89,ND,38095,2,2022-11-09T01:00:00.000Z,FIPSCode,38095,0,2022-11-12T05:35:56.034Z,3,98.95,3,100,40775,557,65.76,41412,290,34.24,856,99,847,1607,3,3
1668232027,2022-11-11 23:47:07 -0600,2869a8e138939a4eab52f4bae7e8abd917fdcc24,ND,38095,2,2022-11-09T01:00:00.000Z,FIPSCode,38095,0,2022-11-12T05:46:31.406Z,3,98.95,3,100,40775,557,65.76,41412,290,34.24,856,99,847,1607,3,3
1668232277,2022-11-11 23:51:17 -0600,f47c4600b5b2e548c968775bc65e548a3a417b8d,ND,38095,2,2022-11-09T01:00:00.000Z,FIPSCode,38095,0,2022-11-12T05:50:32.927Z,3,98.95,3,100,40775,557,65.76,41412,290,34.24,856,99,847,1607,3,3
1668232651,2022-11-11 23:57:31 -0600,780964045b9b9a1e957f8f690dce48e2017581ff,ND,38095,2,2022-11-09T01:00:00.000Z,FIPSCode,38095,0,2022-11-12T05:56:51.615Z,3,98.95,3,100,40775,557,65.76,41412,290,34.24,856,99,847,1607,3,3
1668232938,2022-11-12 00:02:18 -0600,ff4c450e9df86765763828b4380d26b4b6287022,ND,38095,2,2022-11-09T01:00:00.000Z,FIPSCode,38095,0,2022-11-12T05:56:51.615Z,3,98.95,3,100,40775,557,65.76,41412,290,34.24,856,99,847,1607,3,3
1668233268,2022-11-12 00:07:48 -0600,99ac0a784fdd693f7e144b03959b7cb911a82692,ND,38095,2,2022-11-09T01:00:00.000Z,FIPSCode,38095,0,2022-11-12T06:07:12.830Z,3,98.95,3,100,40775,557,65.76,41412,290,34.24,856,99,847,1607,3,3
1668233525,2022-11-12 00:12:05 -0600,262c47ffcdb77dac9bc45d899d42b6667c0452c9,ND,38095,2,2022-11-09T01:00:00.000Z,FIPSCode,38095,0,2022-11-12T06:07:12.830Z,3,98.95,3,100,40775,557,65.76,41412,290,34.24,856,99,847,1607,3,3
1668233815,2022-11-12 00:16:55 -0600,c9932071f169f91572f9e39859a978c3d3302cbf,ND,38095,2,2022-11-09T01:00:00.000Z,FIPSCode,38095,0,2022-11-12T06:07:12.830Z,3,98.95,3,100,40775,557,65.76,41412,290,34.24,856,99,847,1607,3,3
1668234195,2022-11-12 00:23:15 -0600,d23ce9a10a319bfc2d5c271c52258e1f86480cba,ND,38095,2,2022-11-09T01:00:00.000Z,FIPSCode,38095,0,2022-11-12T06:22:04.708Z,3,98.95,3,100,40775,557,65.76,41412,290,34.24,856,99,847,1607,3,3
1668234408,2022-11-12 00:26:48 -0600,95a1cd7530f2f1fa2762d19279674c282585f6c1,ND,38095,2,2022-11-09T01:00:00.000Z,FIPSCode,38095,0,2022-11-12T06:22:04.708Z,3,98.95,3,100,40775,557,65.76,41412,290,34.24,856,99,847,1607,3,3
1668234657,2022-11-12 00:30:57 -0600,01870984fd9fd0ceeb8c3bc53c79c9c2e6582032,ND,38095,2,2022-11-09T01:00:00.000Z,FIPSCode,38095,0,2022-11-12T06:30:24.987Z,3,98.95,3,100,40775,557,65.76,41412,290,34.24,856,99,847,1607,3,3
1668235034,2022-11-12 00:37:14 -0600,b37f2ffd7cbbf61ef856ca3d90e58074d5c7292c,ND,38095,2,2022-11-09T01:00:00.000Z,FIPSCode,38095,0,2022-11-12T06:36:43.008Z,3,98.95,3,100,40775,557,65.76,41412,290,34.24,856,99,847,1607,3,3
1668235323,2022-11-12 00:42:03 -0600,3b665d10daf6a239ad763b75600b8c8aaee001b0,ND,38095,2,2022-11-09T01:00:00.000Z,FIPSCode,38095,0,2022-11-12T06:36:43.008Z,3,98.95,3,100,40775,557,65.76,41412,290,34.24,856,99,847,1607,3,3
1668235655,2022-11-12 00:47:35 -0600,bdb580ebcbe8c040b0dc5dd87245a75b14e3e309,ND,38095,2,2022-11-09T01:00:00.000Z,FIPSCode,38095,0,2022-11-12T06:36:43.008Z,3,98.95,3,100,40775,557,65.76,41412,290,34.24,856,99,847,1607,3,3
1668235695,2022-11-12 00:48:15 -0600,0946221fb26a9bda95d30aed6b742e27b3d0ba3a,ND,38095,2,2022-11-09T01:00:00.000Z,FIPSCode,38095,0,2022-11-12T06:36:43.008Z,3,98.95,3,100,40775,557,65.76,41412,290,34.24,856,99,847,1607,3,3
1668235944,2022-11-12 00:52:24 -0600,a0d895241ac1474cbe242398f4003ae399ddeb47,ND,38095,2,2022-11-09T01:00:00.000Z,FIPSCode,38095,0,2022-11-12T06:36:43.008Z,3,98.95,3,100,40775,557,65.76,41412,290,34.24,856,99,847,1607,3,3
1668236153,2022-11-12 00:55:53 -0600,60876068b3892e78cadb6386d0716add2d6091c6,ND,38095,2,2022-11-09T01:00:00.000Z,FIPSCode,38095,0,2022-11-12T06:55:21.465Z,3,98.95,3,100,40775,557,65.76,41412,290,34.24,856,99,847,1607,3,3
1668236569,2022-11-12 01:02:49 -0600,7e91e5db933116330f29293e5e86c84563877613,ND,38095,2,2022-11-09T01:00:00.000Z,FIPSCode,38095,0,2022-11-12T07:01:39.563Z,3,98.95,3,100,40775,557,65.76,41412,290,34.24,856,99,847,1607,3,3
1668236815,2022-11-12 01:06:55 -0600,791f0aaa29faa4018f3f931ff3206e407ef0925a,ND,38095,2,2022-11-09T01:00:00.000Z,FIPSCode,38095,0,2022-11-12T07:01:39.563Z,3,98.95,3,100,40775,557,65.76,41412,290,34.24,856,99,847,1607,3,3
1668237185,2022-11-12 01:13:05 -0600,2c339cd9f4a0f389e68ca69581a65b96c80c746b,ND,38095,2,2022-11-09T01:00:00.000Z,FIPSCode,38095,0,2022-11-12T07:12:13.564Z,3,98.95,3,100,40775,557,65.76,41412,290,34.24,856,99,847,1607,3,3
1668237430,2022-11-12 01:17:10 -0600,0361e4c4460fcc5f49c1bfd383be5fbf440ac59e,ND,38095,2,2022-11-09T01:00:00.000Z,FIPSCode,38095,0,2022-11-12T07:16:14.777Z,3,98.95,3,100,40775,557,65.76,41412,290,34.24,856,99,847,1607,3,3
1668237679,2022-11-12 01:21:19 -0600,99d1c7dd1da8566f21a3c83820df3de228ca8400,ND,38095,2,2022-11-09T01:00:00.000Z,FIPSCode,38095,0,2022-11-12T07:20:32.537Z,3,98.95,3,100,40775,557,65.76,41412,290,34.24,856,99,847,1607,3,3
1668238045,2022-11-12 01:27:25 -0600,04c7fdb0e9235d91988752368841b22c967aa551,ND,38095,2,2022-11-09T01:00:00.000Z,FIPSCode,38095,0,2022-11-12T07:20:32.537Z,3,98.95,3,100,40775,557,65.76,41412,290,34.24,856,99,847,1607,3,3
1668238292,2022-11-12 01:31:32 -0600,795fbf297608725cf8807d262b55a3ee0c99d571,ND,38095,2,2022-11-09T01:00:00.000Z,FIPSCode,38095,0,2022-11-12T07:30:52.683Z,3,98.95,3,100,40775,557,65.76,41412,290,34.24,856,99,847,1607,3,3
1668238663,2022-11-12 01:37:43 -0600,ea72cf11363b594589866b92e12cefb0464038a1,ND,38095,2,2022-11-09T01:00:00.000Z,FIPSCode,38095,0,2022-11-12T07:30:52.683Z,3,98.95,3,100,40775,557,65.76,41412,290,34.24,856,99,847,1607,3,3
1668238955,2022-11-12 01:42:35 -0600,d5e955535ab9e14069685cbd98bfa4ebf34ce982,ND,38095,2,2022-11-09T01:00:00.000Z,FIPSCode,38095,0,2022-11-12T07:41:26.079Z,3,98.95,3,100,40775,557,65.76,41412,290,34.24,856,99,847,1607,3,3
1668239198,2022-11-12 01:46:38 -0600,e96b40bb3cbf59809a2b60185e763c7dbae5abcb,ND,38095,2,2022-11-09T01:00:00.000Z,FIPSCode,38095,0,2022-11-12T07:41:26.079Z,3,98.95,3,100,40775,557,65.76,41412,290,34.24,856,99,847,1607,3,3
1668239566,2022-11-12 01:52:46 -0600,b2dd1ada0e971bd4accdce3a2cd8e19f72ea100f,ND,38095,2,2022-11-09T01:00:00.000Z,FIPSCode,38095,0,2022-11-12T07:51:44.747Z,3,98.95,3,100,40775,557,65.76,41412,290,34.24,856,99,847,1607,3,3
1668239816,2022-11-12 01:56:56 -0600,049468a0d0ba20f8e656163ea616300cc973072d,ND,38095,2,2022-11-09T01:00:00.000Z,FIPSCode,38095,0,2022-11-12T07:56:01.170Z,3,98.95,3,100,40775,557,65.76,41412,290,34.24,856,99,847,1607,3,3
1668240191,2022-11-12 02:03:11 -0600,62b75faf6618fb06aa06424619ee1aad83cc3ae4,ND,38095,2,2022-11-09T01:00:00.000Z,FIPSCode,38095,0,2022-11-12T08:02:17.981Z,3,98.95,3,100,40775,557,65.76,41412,290,34.24,856,99,847,1607,3,3
1668240442,2022-11-12 02:07:22 -0600,4561a32fd42b974979201f9d4c3b990e4d91a40f,ND,38095,2,2022-11-09T01:00:00.000Z,FIPSCode,38095,0,2022-11-12T08:02:17.981Z,3,98.95,3,100,40775,557,65.76,41412,290,34.24,856,99,847,1607,3,3
1668240693,2022-11-12 02:11:33 -0600,41916ecda87471d5e566ce1baf878e9f1efbbf41,ND,38095,2,2022-11-09T01:00:00.000Z,FIPSCode,38095,0,2022-11-12T08:10:37.066Z,3,98.95,3,100,40775,557,65.76,41412,290,34.24,856,99,847,1607,3,3
1668241073,2022-11-12 02:17:53 -0600,5c54d4d21cb8f26d6983889da210bf880d2b4daa,ND,38095,2,2022-11-09T01:00:00.000Z,FIPSCode,38095,0,2022-11-12T08:10:37.066Z,3,98.95,3,100,40775,557,65.76,41412,290,34.24,856,99,847,1607,3,3
1668241324,2022-11-12 02:22:04 -0600,8c437e5b052ab3721d5f401a44fbb4c52a6cc472,ND,38095,2,2022-11-09T01:00:00.000Z,FIPSCode,38095,0,2022-11-12T08:10:37.066Z,3,98.95,3,100,40775,557,65.76,41412,290,34.24,856,99,847,1607,3,3
1668241699,2022-11-12 02:28:19 -0600,90dcc5e4ce0d98c978491c70e548cde458db493d,ND,38095,2,2022-11-09T01:00:00.000Z,FIPSCode,38095,0,2022-11-12T08:27:12.829Z,3,98.95,3,100,40775,557,65.76,41412,290,34.24,856,99,847,1607,3,3
1668241950,2022-11-12 02:32:30 -0600,3d9184b109af77aa2c8cdc0a055620a9f5bd1345,ND,38095,2,2022-11-09T01:00:00.000Z,FIPSCode,38095,0,2022-11-12T08:27:12.829Z,3,98.95,3,100,40775,557,65.76,41412,290,34.24,856,99,847,1607,3,3
1668242197,2022-11-12 02:36:37 -0600,515d2572266f3c838c5d916d30406f2f0b345e15,ND,38095,2,2022-11-09T01:00:00.000Z,FIPSCode,38095,0,2022-11-12T08:35:33.257Z,3,98.95,3,100,40775,557,65.76,41412,290,34.24,856,99,847,1607,3,3
1668242574,2022-11-12 02:42:54 -0600,57ace18f2e781c69dfb535d495a7acddcb87388b,ND,38095,2,2022-11-09T01:00:00.000Z,FIPSCode,38095,0,2022-11-12T08:35:33.257Z,3,98.95,3,100,40775,557,65.76,41412,290,34.24,856,99,847,1607,3,3
1668242819,2022-11-12 02:46:59 -0600,b4a62d0cbfe3d4d35cfb689b9f42d3b3e09d9039,ND,38095,2,2022-11-09T01:00:00.000Z,FIPSCode,38095,0,2022-11-12T08:46:06.675Z,3,98.95,3,100,40775,557,65.76,41412,290,34.24,856,99,847,1607,3,3
1668243193,2022-11-12 02:53:13 -0600,fea495454b8844770be0e1b3072b8368cd8ac929,ND,38095,2,2022-11-09T01:00:00.000Z,FIPSCode,38095,0,2022-11-12T08:46:06.675Z,3,98.95,3,100,40775,557,65.76,41412,290,34.24,856,99,847,1607,3,3
1668243443,2022-11-12 02:57:23 -0600,4e63e9e2bfb34246d0bd28087ba7ef371bc755c7,ND,38095,2,2022-11-09T01:00:00.000Z,FIPSCode,38095,0,2022-11-12T08:46:06.675Z,3,98.95,3,100,40775,557,65.76,41412,290,34.24,856,99,847,1607,3,3
1668243695,2022-11-12 03:01:35 -0600,3e650ed15e745f30d7aa540cb2f3028eb5ee6f1a,ND,38095,2,2022-11-09T01:00:00.000Z,FIPSCode,38095,0,2022-11-12T08:46:06.675Z,3,98.95,3,100,40775,557,65.76,41412,290,34.24,856,99,847,1607,3,3
1668244066,2022-11-12 03:07:46 -0600,05a0924c2a195f2158442bcd287f927adf0762dc,ND,38095,2,2022-11-09T01:00:00.000Z,FIPSCode,38095,0,2022-11-12T08:46:06.675Z,3,98.95,3,100,40775,557,65.76,41412,290,34.24,856,99,847,1607,3,3
1668244315,2022-11-12 03:11:55 -0600,54620a2ddf4b97542e7996c1ed25da9727a3f3e2,ND,38095,2,2022-11-09T01:00:00.000Z,FIPSCode,38095,0,2022-11-12T08:46:06.675Z,3,98.95,3,100,40775,557,65.76,41412,290,34.24,856,99,847,1607,3,3
1668244681,2022-11-12 03:18:01 -0600,b9091d1acb31f1ced479b24671a81b5e4d5d3abe,ND,38095,2,2022-11-09T01:00:00.000Z,FIPSCode,38095,0,2022-11-12T08:46:06.675Z,3,98.95,3,100,40775,557,65.76,41412,290,34.24,856,99,847,1607,3,3
1668244924,2022-11-12 03:22:04 -0600,fba733ab8c2d14b3c82d048b79191247d5de1a8c,ND,38095,2,2022-11-09T01:00:00.000Z,FIPSCode,38095,0,2022-11-12T08:46:06.675Z,3,98.95,3,100,40775,557,65.76,41412,290,34.24,856,99,847,1607,3,3
1668245169,2022-11-12 03:26:09 -0600,b8b2aa7f7dc15bc0de4698bbb96fb0adfd054752,ND,38095,2,2022-11-09T01:00:00.000Z,FIPSCode,38095,0,2022-11-12T08:46:06.675Z,3,98.95,3,100,40775,557,65.76,41412,290,34.24,856,99,847,1607,3,3
1668245207,2022-11-12 03:26:47 -0600,d959169932a8857b46543da8ea9cc87d754af669,ND,38095,2,2022-11-09T01:00:00.000Z,FIPSCode,38095,0,2022-11-12T08:46:06.675Z,3,98.95,3,100,40775,557,65.76,41412,290,34.24,856,99,847,1607,3,3
1668245573,2022-11-12 03:32:53 -0600,1a40bb2bfc005fd6fc1a9be5f58b73a3596f117f,ND,38095,2,2022-11-09T01:00:00.000Z,FIPSCode,38095,0,2022-11-12T09:31:56.413Z,3,98.95,3,100,40775,557,65.76,41412,290,34.24,856,99,847,1607,3,3
1668245815,2022-11-12 03:36:55 -0600,c4cad7aacaa07ed2627fecae258a4e4dd8ef8568,ND,38095,2,2022-11-09T01:00:00.000Z,FIPSCode,38095,0,2022-11-12T09:36:13.463Z,3,98.95,3,100,40775,557,65.76,41412,290,34.24,856,99,847,1607,3,3
1668246057,2022-11-12 03:40:57 -0600,fbe08a0b10f822ec694cde397b872966667ae08e,ND,38095,2,2022-11-09T01:00:00.000Z,FIPSCode,38095,0,2022-11-12T09:36:13.463Z,3,98.95,3,100,40775,557,65.76,41412,290,34.24,856,99,847,1607,3,3
1668246465,2022-11-12 03:47:45 -0600,742488809cb06db570a425c669f1cbaefc380528,ND,38095,2,2022-11-09T01:00:00.000Z,FIPSCode,38095,0,2022-11-12T09:46:34.188Z,3,98.95,3,100,40775,557,65.76,41412,290,34.24,856,99,847,1607,3,3
1668246710,2022-11-12 03:51:50 -0600,2b8243c6715feb0542b1a5fa7c136b3033392687,ND,38095,2,2022-11-09T01:00:00.000Z,FIPSCode,38095,0,2022-11-12T09:46:34.188Z,3,98.95,3,100,40775,557,65.76,41412,290,34.24,856,99,847,1607,3,3
1668247077,2022-11-12 03:57:57 -0600,428ececa7e1ee8b0bb44c89fe8ce744ecf87a2f8,ND,38095,2,2022-11-09T01:00:00.000Z,FIPSCode,38095,0,2022-11-12T09:56:53.217Z,3,98.95,3,100,40775,557,65.76,41412,290,34.24,856,99,847,1607,3,3
1668247325,2022-11-12 04:02:05 -0600,e1f5f6ec833f6ff90d2b46c6f4cea77ad59a7c01,ND,38095,2,2022-11-09T01:00:00.000Z,FIPSCode,38095,0,2022-11-12T10:01:10.060Z,3,98.95,3,100,40775,557,65.76,41412,290,34.24,856,99,847,1607,3,3
1668247571,2022-11-12 04:06:11 -0600,6d55b7f4b5de10447fe03a85e814dfc69258afbf,ND,38095,2,2022-11-09T01:00:00.000Z,FIPSCode,38095,0,2022-11-12T10:05:11.724Z,3,98.95,3,100,40775,557,65.76,41412,290,34.24,856,99,847,1607,3,3
1668247937,2022-11-12 04:12:17 -0600,d4e48f8a0106969f4d43915a189a7241319966f0,ND,38095,2,2022-11-09T01:00:00.000Z,FIPSCode,38095,0,2022-11-12T10:05:11.724Z,3,98.95,3,100,40775,557,65.76,41412,290,34.24,856,99,847,1607,3,3
1668248187,2022-11-12 04:16:27 -0600,453f2c25865ceb7ef7f260de635c53ccf8ff2a06,ND,38095,2,2022-11-09T01:00:00.000Z,FIPSCode,38095,0,2022-11-12T10:15:45.297Z,3,98.95,3,100,40775,557,65.76,41412,290,34.24,856,99,847,1607,3,3
1668248558,2022-11-12 04:22:38 -0600,e6bb23864517e4dc33c55f5b66951443f9c6e147,ND,38095,2,2022-11-09T01:00:00.000Z,FIPSCode,38095,0,2022-11-12T10:15:45.297Z,3,98.95,3,100,40775,557,65.76,41412,290,34.24,856,99,847,1607,3,3
1668248803,2022-11-12 04:26:43 -0600,15b0c50057f66587b9720b28ae0c511b7fa5ed90,ND,38095,2,2022-11-09T01:00:00.000Z,FIPSCode,38095,0,2022-11-12T10:15:45.297Z,3,98.95,3,100,40775,557,65.76,41412,290,34.24,856,99,847,1607,3,3
1668249079,2022-11-12 04:31:19 -0600,fcca966ebfdf0d20211ede867d1894def50706af,ND,38095,2,2022-11-09T01:00:00.000Z,FIPSCode,38095,0,2022-11-12T10:15:45.297Z,3,98.95,3,100,40775,557,65.76,41412,290,34.24,856,99,847,1607,3,3
1668249436,2022-11-12 04:37:16 -0600,d2dd88d1cc8d730127f9bd86b49156c60de421ad,ND,38095,2,2022-11-09T01:00:00.000Z,FIPSCode,38095,0,2022-11-12T10:15:45.297Z,3,98.95,3,100,40775,557,65.76,41412,290,34.24,856,99,847,1607,3,3
1668249710,2022-11-12 04:41:50 -0600,a955ded8416b84c440a87f5cb70d9c030c4da045,ND,38095,2,2022-11-09T01:00:00.000Z,FIPSCode,38095,0,2022-11-12T10:15:45.297Z,3,98.95,3,100,40775,557,65.76,41412,290,34.24,856,99,847,1607,3,3
1668250062,2022-11-12 04:47:42 -0600,a01e1f92bc70eed715609e000e5420885c0aaab7,ND,38095,2,2022-11-09T01:00:00.000Z,FIPSCode,38095,0,2022-11-12T10:47:01.066Z,3,98.95,3,100,40775,557,65.76,41412,290,34.24,856,99,847,1607,3,3
1668250300,2022-11-12 04:51:40 -0600,ce26bb206bbd5373d8c8a2d8e517f4e74353cf03,ND,38095,2,2022-11-09T01:00:00.000Z,FIPSCode,38095,0,2022-11-12T10:47:01.066Z,3,98.95,3,100,40775,557,65.76,41412,290,34.24,856,99,847,1607,3,3
1668250577,2022-11-12 04:56:17 -0600,d4fb4bfd0684602b015c681af3767a175b1921df,ND,38095,2,2022-11-09T01:00:00.000Z,FIPSCode,38095,0,2022-11-12T10:47:01.066Z,3,98.95,3,100,40775,557,65.76,41412,290,34.24,856,99,847,1607,3,3
1668250967,2022-11-12 05:02:47 -0600,822dfc8e0737dec332b5e0d3438c8246666f24f5,ND,38095,2,2022-11-09T01:00:00.000Z,FIPSCode,38095,0,2022-11-12T11:01:36.398Z,3,98.95,3,100,40775,557,65.76,41412,290,34.24,856,99,847,1607,3,3
1668251214,2022-11-12 05:06:54 -0600,0eaf5b0669ee8056dbf6a90c9dd098624cb2c017,ND,38095,2,2022-11-09T01:00:00.000Z,FIPSCode,38095,0,2022-11-12T11:05:39.074Z,3,98.95,3,100,40775,557,65.76,41412,290,34.24,856,99,847,1607,3,3
1668251575,2022-11-12 05:12:55 -0600,78468e8d04821f13a74b0ae7a886ed6fde7484aa,ND,38095,2,2022-11-09T01:00:00.000Z,FIPSCode,38095,0,2022-11-12T11:05:39.074Z,3,98.95,3,100,40775,557,65.76,41412,290,34.24,856,99,847,1607,3,3
1668251811,2022-11-12 05:16:51 -0600,daf475bd95ccb55e75d3809f651bd75cfd939710,ND,38095,2,2022-11-09T01:00:00.000Z,FIPSCode,38095,0,2022-11-12T11:05:39.074Z,3,98.95,3,100,40775,557,65.76,41412,290,34.24,856,99,847,1607,3,3
1668252048,2022-11-12 05:20:48 -0600,edf6105ab033884e30494a446e997c23af716ef1,ND,38095,2,2022-11-09T01:00:00.000Z,FIPSCode,38095,0,2022-11-12T11:05:39.074Z,3,98.95,3,100,40775,557,65.76,41412,290,34.24,856,99,847,1607,3,3
1668252444,2022-11-12 05:27:24 -0600,00a9a83088a0093530d55cf043113585f443f701,ND,38095,2,2022-11-09T01:00:00.000Z,FIPSCode,38095,0,2022-11-12T11:05:39.074Z,3,98.95,3,100,40775,557,65.76,41412,290,34.24,856,99,847,1607,3,3
1668252716,2022-11-12 05:31:56 -0600,fed517af7cfa6e0a5cf3d7f0fc1f820cec95a0fa,ND,38095,2,2022-11-09T01:00:00.000Z,FIPSCode,38095,0,2022-11-12T11:30:49.590Z,3,98.95,3,100,40775,557,65.76,41412,290,34.24,856,99,847,1607,3,3
1668253075,2022-11-12 05:37:55 -0600,739268bf7f83e9961311e9d946f16b188bd771ed,ND,38095,2,2022-11-09T01:00:00.000Z,FIPSCode,38095,0,2022-11-12T11:30:49.590Z,3,98.95,3,100,40775,557,65.76,41412,290,34.24,856,99,847,1607,3,3
1668253312,2022-11-12 05:41:52 -0600,97fa23f438e8d7790add7168287e804cf3bd0087,ND,38095,2,2022-11-09T01:00:00.000Z,FIPSCode,38095,0,2022-11-12T11:41:08.244Z,3,98.95,3,100,40775,557,65.76,41412,290,34.24,856,99,847,1607,3,3
1668253585,2022-11-12 05:46:25 -0600,752502b2ba6d9fe1cd45ec17cd335f5228da144a,ND,38095,2,2022-11-09T01:00:00.000Z,FIPSCode,38095,0,2022-11-12T11:41:08.244Z,3,98.95,3,100,40775,557,65.76,41412,290,34.24,856,99,847,1607,3,3
1668253938,2022-11-12 05:52:18 -0600,32e56d2595efcf85deb5fa8f5ead4ca6c494ef46,ND,38095,2,2022-11-09T01:00:00.000Z,FIPSCode,38095,0,2022-11-12T11:41:08.244Z,3,98.95,3,100,40775,557,65.76,41412,290,34.24,856,99,847,1607,3,3
1668254181,2022-11-12 05:56:21 -0600,aba5c37e0cbf7a490d2a1bec4e0a9514c26e1d5a,ND,38095,2,2022-11-09T01:00:00.000Z,FIPSCode,38095,0,2022-11-12T11:41:08.244Z,3,98.95,3,100,40775,557,65.76,41412,290,34.24,856,99,847,1607,3,3
1668254583,2022-11-12 06:03:03 -0600,9aeb4815a33a26825ddade2cdb452645453bdc35,ND,38095,2,2022-11-09T01:00:00.000Z,FIPSCode,38095,0,2022-11-12T12:02:02.401Z,3,98.95,3,100,40775,557,65.76,41412,290,34.24,856,99,847,1607,3,3
1668254821,2022-11-12 06:07:01 -0600,219c42fd0b60e200116eb37fa5b7abe2bd2d8e5c,ND,38095,2,2022-11-09T01:00:00.000Z,FIPSCode,38095,0,2022-11-12T12:06:04.628Z,3,98.95,3,100,40775,557,65.76,41412,290,34.24,856,99,847,1607,3,3
1668255139,2022-11-12 06:12:19 -0600,ee22197a5b273f3e78001db03b1a031447ca337e,ND,38095,2,2022-11-09T01:00:00.000Z,FIPSCode,38095,0,2022-11-12T12:10:21.867Z,3,98.95,3,100,40775,557,65.76,41412,290,34.24,856,99,847,1607,3,3
1668255454,2022-11-12 06:17:34 -0600,90bd2e6b1318cbf836944fbf5d3fd0ffec74fd82,ND,38095,2,2022-11-09T01:00:00.000Z,FIPSCode,38095,0,2022-11-12T12:16:39.438Z,3,98.95,3,100,40775,557,65.76,41412,290,34.24,856,99,847,1607,3,3
1668255697,2022-11-12 06:21:37 -0600,4843da4af1301cea3ee19a0820c0c7030dfce8b1,ND,38095,2,2022-11-09T01:00:00.000Z,FIPSCode,38095,0,2022-11-12T12:16:39.438Z,3,98.95,3,100,40775,557,65.76,41412,290,34.24,856,99,847,1607,3,3
1668256050,2022-11-12 06:27:30 -0600,40c299ef7eacc9cd5c540971aea0d6a46b7e7db2,ND,38095,2,2022-11-09T01:00:00.000Z,FIPSCode,38095,0,2022-11-12T12:26:58.471Z,3,98.95,3,100,40775,557,65.76,41412,290,34.24,856,99,847,1607,3,3
1668256090,2022-11-12 06:28:10 -0600,6c6e4f13608a15ff05588a14d87d0ec366f43b34,ND,38095,2,2022-11-09T01:00:00.000Z,FIPSCode,38095,0,2022-11-12T12:26:58.471Z,3,98.95,3,100,40775,557,65.76,41412,290,34.24,856,99,847,1607,3,3
1668256324,2022-11-12 06:32:04 -0600,b668979b1ed71ac61556b81ac503a92ca27f480f,ND,38095,2,2022-11-09T01:00:00.000Z,FIPSCode,38095,0,2022-11-12T12:26:58.471Z,3,98.95,3,100,40775,557,65.76,41412,290,34.24,856,99,847,1607,3,3
1668256564,2022-11-12 06:36:04 -0600,39d930d46626474b69bec34805a01a15222aa755,ND,38095,2,2022-11-09T01:00:00.000Z,FIPSCode,38095,0,2022-11-12T12:35:18.397Z,3,98.95,3,100,40775,557,65.76,41412,290,34.24,856,99,847,1607,3,3
1668256926,2022-11-12 06:42:06 -0600,bb613ecb489971239338cc47e907c0b01c961441,ND,38095,2,2022-11-09T01:00:00.000Z,FIPSCode,38095,0,2022-11-12T12:35:18.397Z,3,98.95,3,100,40775,557,65.76,41412,290,34.24,856,99,847,1607,3,3
1668257205,2022-11-12 06:46:45 -0600,243932d7df2ca1c333a3708e13efd8a2e224aabe,ND,38095,2,2022-11-09T01:00:00.000Z,FIPSCode,38095,0,2022-11-12T12:35:18.397Z,3,98.95,3,100,40775,557,65.76,41412,290,34.24,856,99,847,1607,3,3
1668257565,2022-11-12 06:52:45 -0600,a6e2a13f76b293b68825d6a95f657c23d0de8882,ND,38095,2,2022-11-09T01:00:00.000Z,FIPSCode,38095,0,2022-11-12T12:35:18.397Z,3,98.95,3,100,40775,557,65.76,41412,290,34.24,856,99,847,1607,3,3
1668257804,2022-11-12 06:56:44 -0600,1f3a626542e961b8309da655261c7df50306f2c1,ND,38095,2,2022-11-09T01:00:00.000Z,FIPSCode,38095,0,2022-11-12T12:35:18.397Z,3,98.95,3,100,40775,557,65.76,41412,290,34.24,856,99,847,1607,3,3
1668258085,2022-11-12 07:01:25 -0600,92f1325bef60b0f656a20f279eebd468a86da887,ND,38095,2,2022-11-09T01:00:00.000Z,FIPSCode,38095,0,2022-11-12T13:00:28.443Z,3,98.95,3,100,40775,557,65.76,41412,290,34.24,856,99,847,1607,3,3
1668258443,2022-11-12 07:07:23 -0600,bfadfd50a18ff87658f4dcc99335ef1f5c6533dc,ND,38095,2,2022-11-09T01:00:00.000Z,FIPSCode,38095,0,2022-11-12T13:06:45.144Z,3,98.95,3,100,40775,557,65.76,41412,290,34.24,856,99,847,1607,3,3
1668258683,2022-11-12 07:11:23 -0600,feb68a0154c0590a0431f52bb044f5d01c086233,ND,38095,2,2022-11-09T01:00:00.000Z,FIPSCode,38095,0,2022-11-12T13:10:47.788Z,3,98.95,3,100,40775,557,65.76,41412,290,34.24,856,99,847,1607,3,3
1668259084,2022-11-12 07:18:04 -0600,385a39a69526b28fb4e5d6a0dcabba1e06529a9a,ND,38095,2,2022-11-09T01:00:00.000Z,FIPSCode,38095,0,2022-11-12T13:10:47.788Z,3,98.95,3,100,40775,557,65.76,41412,290,34.24,856,99,847,1607,3,3
1668259362,2022-11-12 07:22:42 -0600,e281ec934be56127c27041cb52a52938716c4b30,ND,38095,2,2022-11-09T01:00:00.000Z,FIPSCode,38095,0,2022-11-12T13:10:47.788Z,3,98.95,3,100,40775,557,65.76,41412,290,34.24,856,99,847,1607,3,3
1668259562,2022-11-12 07:26:02 -0600,4ed4ed4f551b2b6379699bd4aae0848f030401a4,ND,38095,2,2022-11-09T01:00:00.000Z,FIPSCode,38095,0,2022-11-12T13:10:47.788Z,3,98.95,3,100,40775,557,65.76,41412,290,34.24,856,99,847,1607,3,3
1668259965,2022-11-12 07:32:45 -0600,d5ed0d8286090e7605e79c7c5ce632ae61507400,ND,38095,2,2022-11-09T01:00:00.000Z,FIPSCode,38095,0,2022-11-12T13:31:41.075Z,3,98.95,3,100,40775,557,65.76,41412,290,34.24,856,99,847,1607,3,3
1668260204,2022-11-12 07:36:44 -0600,034b61965ec11bc6fed69db6d21da23260af4f1a,ND,38095,2,2022-11-09T01:00:00.000Z,FIPSCode,38095,0,2022-11-12T13:31:41.075Z,3,98.95,3,100,40775,557,65.76,41412,290,34.24,856,99,847,1607,3,3
1668260571,2022-11-12 07:42:51 -0600,0d69f7521a4030e4031ed28411c0cea3299cdabc,ND,38095,2,2022-11-09T01:00:00.000Z,FIPSCode,38095,0,2022-11-12T13:31:41.075Z,3,98.95,3,100,40775,557,65.76,41412,290,34.24,856,99,847,1607,3,3
1668260811,2022-11-12 07:46:51 -0600,69729f974602e7469505a10466b29d5c8e80bf66,ND,38095,2,2022-11-09T01:00:00.000Z,FIPSCode,38095,0,2022-11-12T13:31:41.075Z,3,98.95,3,100,40775,557,65.76,41412,290,34.24,856,99,847,1607,3,3
1668261051,2022-11-12 07:50:51 -0600,328e31dc965fdec14b35dbe74750a51e9ee28511,ND,38095,2,2022-11-09T01:00:00.000Z,FIPSCode,38095,0,2022-11-12T13:31:41.075Z,3,98.95,3,100,40775,557,65.76,41412,290,34.24,856,99,847,1607,3,3
1668261448,2022-11-12 07:57:28 -0600,43122b99cdf182336a5fa20cfcb322ffbec4137c,ND,38095,2,2022-11-09T01:00:00.000Z,FIPSCode,38095,0,2022-11-12T13:56:36.763Z,3,98.95,3,100,40775,557,65.76,41412,290,34.24,856,99,847,1607,3,3
1668261725,2022-11-12 08:02:05 -0600,665f53a0081c0d4792562efcfc4a3a559f2ade64,ND,38095,2,2022-11-09T01:00:00.000Z,FIPSCode,38095,0,2022-11-12T13:56:36.763Z,3,98.95,3,100,40775,557,65.76,41412,290,34.24,856,99,847,1607,3,3
1668262085,2022-11-12 08:08:05 -0600,4f3e4e01f775b218ac00c098d8bab7483ceb99f2,ND,38095,2,2022-11-09T01:00:00.000Z,FIPSCode,38095,0,2022-11-12T14:07:12.957Z,3,98.95,3,100,40775,557,65.76,41412,290,34.24,856,99,847,1607,3,3
1668262325,2022-11-12 08:12:05 -0600,8e79938eac4efbec24144713dccf63b30273b9bd,ND,38095,2,2022-11-09T01:00:00.000Z,FIPSCode,38095,0,2022-11-12T14:11:14.147Z,3,98.95,3,100,40775,557,65.76,41412,290,34.24,856,99,847,1607,3,3
1668262604,2022-11-12 08:16:44 -0600,8157e01862fb9261bf691672bfd9d655f9d51f8d,ND,38095,2,2022-11-09T01:00:00.000Z,FIPSCode,38095,0,2022-11-12T14:15:31.651Z,3,98.95,3,100,40775,557,65.76,41412,290,34.24,856,99,847,1607,3,3
1668263083,2022-11-12 08:24:43 -0600,25d51d290e2b97499d2773fe5f848b82a408e000,ND,38095,2,2022-11-09T01:00:00.000Z,FIPSCode,38095,0,2022-11-12T14:15:31.651Z,3,98.95,3,100,40775,557,65.76,41412,290,34.24,856,99,847,1607,3,3
1668263204,2022-11-12 08:26:44 -0600,0651f7e0f4e9e43d0ce3107255f4fbe282c21a58,ND,38095,2,2022-11-09T01:00:00.000Z,FIPSCode,38095,0,2022-11-12T14:25:50.985Z,3,98.95,3,100,40775,557,65.76,41412,290,34.24,856,99,847,1607,3,3
1668263566,2022-11-12 08:32:46 -0600,2c863747c865dad294d09be1b08d24f60f844a40,ND,38095,2,2022-11-09T01:00:00.000Z,FIPSCode,38095,0,2022-11-12T14:32:08.283Z,3,98.95,3,100,40775,557,65.76,41412,290,34.24,856,99,847,1607,3,3
1668263808,2022-11-12 08:36:48 -0600,17b94440630f1cf7f8285bda29c0910bd8872d75,ND,38095,2,2022-11-09T01:00:00.000Z,FIPSCode,38095,0,2022-11-12T14:36:10.543Z,3,98.95,3,100,40775,557,65.76,41412,290,34.24,856,99,847,1607,3,3
1668264085,2022-11-12 08:41:25 -0600,761534d9ff2340fb92e8f7a47a2cb53e5d2ed9f4,ND,38095,2,2022-11-09T01:00:00.000Z,FIPSCode,38095,0,2022-11-12T14:36:10.543Z,3,98.95,3,100,40775,557,65.76,41412,290,34.24,856,99,847,1607,3,3
1668264443,2022-11-12 08:47:23 -0600,c1edd1e4584731f4fe99472f25e46c02d5c81e06,ND,38095,2,2022-11-09T01:00:00.000Z,FIPSCode,38095,0,2022-11-12T14:46:44.988Z,3,98.95,3,100,40775,557,65.76,41412,290,34.24,856,99,847,1607,3,3
1668264723,2022-11-12 08:52:03 -0600,948a0ac7066e0f433ac10e4e43fc283726a223d7,ND,38095,2,2022-11-09T01:00:00.000Z,FIPSCode,38095,0,2022-11-12T14:46:44.988Z,3,98.95,3,100,40775,557,65.76,41412,290,34.24,856,99,847,1607,3,3
1668265083,2022-11-12 08:58:03 -0600,08f925feff1cd727afabd465a4c451bce9cc519b,ND,38095,2,2022-11-09T01:00:00.000Z,FIPSCode,38095,0,2022-11-12T14:46:44.988Z,3,98.95,3,100,40775,557,65.76,41412,290,34.24,856,99,847,1607,3,3
1668265325,2022-11-12 09:02:05 -0600,1229da8eb46f528f1bfda28ac88529bf477eaf26,ND,38095,2,2022-11-09T01:00:00.000Z,FIPSCode,38095,0,2022-11-12T14:46:44.988Z,3,98.95,3,100,40775,557,65.76,41412,290,34.24,856,99,847,1607,3,3
1668265687,2022-11-12 09:08:07 -0600,e6242822029dbde33c8d5500314581599fca66ff,ND,38095,2,2022-11-09T01:00:00.000Z,FIPSCode,38095,0,2022-11-12T14:46:44.988Z,3,98.95,3,100,40775,557,65.76,41412,290,34.24,856,99,847,1607,3,3
1668265967,2022-11-12 09:12:47 -0600,337a5e1922d412ffce2974a466f9977ba615c58f,ND,38095,2,2022-11-09T01:00:00.000Z,FIPSCode,38095,0,2022-11-12T14:46:44.988Z,3,98.95,3,100,40775,557,65.76,41412,290,34.24,856,99,847,1607,3,3
1668266209,2022-11-12 09:16:49 -0600,3bcde81707a450d49a9996fdadbd0e3eaaee5325,ND,38095,2,2022-11-09T01:00:00.000Z,FIPSCode,38095,0,2022-11-12T15:15:57.226Z,3,98.95,3,100,40775,557,65.76,41412,290,34.24,856,99,847,1607,3,3
1668266573,2022-11-12 09:22:53 -0600,3ace17f7853246964c24e2bd14867046ed5bb2d7,ND,38095,2,2022-11-09T01:00:00.000Z,FIPSCode,38095,0,2022-11-12T15:22:13.810Z,3,98.95,3,100,40775,557,65.76,41412,290,34.24,856,99,847,1607,3,3
1668266813,2022-11-12 09:26:53 -0600,524f96e54b4be6528609d465afa9554a1f08a956,ND,38095,2,2022-11-09T01:00:00.000Z,FIPSCode,38095,0,2022-11-12T15:26:16.356Z,3,98.95,3,100,40775,557,65.76,41412,290,34.24,856,99,847,1607,3,3
1668267097,2022-11-12 09:31:37 -0600,c70790a3c69f0f17143515a291988f443988530c,ND,38095,2,2022-11-09T01:00:00.000Z,FIPSCode,38095,0,2022-11-12T15:30:33.383Z,3,98.95,3,100,40775,557,65.76,41412,290,34.24,856,99,847,1607,3,3
1668267458,2022-11-12 09:37:38 -0600,565cc52c51e64bf208ca9be6d1f3069d950b8bc2,ND,38095,2,2022-11-09T01:00:00.000Z,FIPSCode,38095,0,2022-11-12T15:30:33.383Z,3,98.95,3,100,40775,557,65.76,41412,290,34.24,856,99,847,1607,3,3
1668267699,2022-11-12 09:41:39 -0600,28e1e81e69c718bdb611a14fe006e2bb3cdba1a9,ND,38095,2,2022-11-09T01:00:00.000Z,FIPSCode,38095,0,2022-11-12T15:40:52.961Z,3,98.95,3,100,40775,557,65.76,41412,290,34.24,856,99,847,1607,3,3
1668268098,2022-11-12 09:48:18 -0600,03d0a67472991ceb011930343020f5634482d047,ND,38095,2,2022-11-09T01:00:00.000Z,FIPSCode,38095,0,2022-11-12T15:47:12.995Z,3,98.95,3,100,40775,557,65.76,41412,290,34.24,856,99,847,1607,3,3
1668268339,2022-11-12 09:52:19 -0600,0348a2bc4026d24dfb3edd385b5dbbf529d4f536,ND,38095,2,2022-11-09T01:00:00.000Z,FIPSCode,38095,0,2022-11-12T15:47:12.995Z,3,98.95,3,100,40775,557,65.76,41412,290,34.24,856,99,847,1607,3,3
1668268580,2022-11-12 09:56:20 -0600,74afcfd1ee938022da3f152e3f0b1dcd3ce5d8b1,ND,38095,2,2022-11-09T01:00:00.000Z,FIPSCode,38095,0,2022-11-12T15:47:12.995Z,3,98.95,3,100,40775,557,65.76,41412,290,34.24,856,99,847,1607,3,3
1668268941,2022-11-12 10:02:21 -0600,9f144f0e137477f1cb5d87e9d9f37edb0919b611,ND,38095,2,2022-11-09T01:00:00.000Z,FIPSCode,38095,0,2022-11-12T15:47:12.995Z,3,98.95,3,100,40775,557,65.76,41412,290,34.24,856,99,847,1607,3,3
1668269224,2022-11-12 10:07:04 -0600,a6926bd1b012634c91629d830916f170e9a8bc4a,ND,38095,2,2022-11-09T01:00:00.000Z,FIPSCode,38095,0,2022-11-12T16:06:04.868Z,3,98.95,3,100,40775,557,65.76,41412,290,34.24,856,99,847,1607,3,3
1668269592,2022-11-12 10:13:12 -0600,347a533973629e36def98c2890b40fa934114f0f,ND,38095,2,2022-11-09T01:00:00.000Z,FIPSCode,38095,0,2022-11-12T16:06:04.868Z,3,98.95,3,100,40775,557,65.76,41412,290,34.24,856,99,847,1607,3,3
1668269838,2022-11-12 10:17:18 -0600,5a51a8081ded1f529b0d32c8c3ac983f377f5bf7,ND,38095,2,2022-11-09T01:00:00.000Z,FIPSCode,38095,0,2022-11-12T16:06:04.868Z,3,98.95,3,100,40775,557,65.76,41412,290,34.24,856,99,847,1607,3,3
1668270086,2022-11-12 10:21:26 -0600,41462c0be89c1261b36df29dedc27e47c37feb25,ND,38095,2,2022-11-09T01:00:00.000Z,FIPSCode,38095,0,2022-11-12T16:20:27.331Z,3,98.95,3,100,40775,557,65.76,41412,290,34.24,856,99,847,1607,3,3
1668270453,2022-11-12 10:27:33 -0600,a369edfa709925b8c466ef66a859099f70ccd6c3,ND,38095,2,2022-11-09T01:00:00.000Z,FIPSCode,38095,0,2022-11-12T16:20:27.331Z,3,98.95,3,100,40775,557,65.76,41412,290,34.24,856,99,847,1607,3,3
1668270700,2022-11-12 10:31:40 -0600,938e60ca09a7f78179e448afca30e9315a6b51ed,ND,38095,2,2022-11-09T01:00:00.000Z,FIPSCode,38095,0,2022-11-12T16:31:01.553Z,3,98.95,3,100,40775,557,65.76,41412,290,34.24,856,99,847,1607,3,3
1668271106,2022-11-12 10:38:26 -0600,6c04c527972eece4923908bc1b16ff94193e6468,ND,38095,2,2022-11-09T01:00:00.000Z,FIPSCode,38095,0,2022-11-12T16:37:19.207Z,3,98.95,3,100,40775,557,65.76,41412,290,34.24,856,99,847,1607,3,3
1668271309,2022-11-12 10:41:49 -0600,1200e173d9cf43ffd7dc9412673236effb2dc196,ND,38095,2,2022-11-09T01:00:00.000Z,FIPSCode,38095,0,2022-11-12T16:37:19.207Z,3,98.95,3,100,40775,557,65.76,41412,290,34.24,856,99,847,1607,3,3
1668271349,2022-11-12 10:42:29 -0600,336273abb0ceac70678fc48baf373c4b324fdb70,ND,38095,2,2022-11-09T01:00:00.000Z,FIPSCode,38095,0,2022-11-12T16:37:19.207Z,3,98.95,3,100,40775,557,65.76,41412,290,34.24,856,99,847,1607,3,3
1668271598,2022-11-12 10:46:38 -0600,a46d0fcb3acbe7936f215fb7554859bbbe2b6da6,ND,38095,2,2022-11-09T01:00:00.000Z,FIPSCode,38095,0,2022-11-12T16:45:37.970Z,3,98.95,3,100,40775,557,65.76,41412,290,34.24,856,99,847,1607,3,3
1668272003,2022-11-12 10:53:23 -0600,9e5a4f0f05ba61935e3ef0cc0280da692e4cdf6e,ND,38095,2,2022-11-09T01:00:00.000Z,FIPSCode,38095,0,2022-11-12T16:51:57.007Z,3,98.95,3,100,40775,557,65.76,41412,290,34.24,856,99,847,1607,3,3
1668272207,2022-11-12 10:56:47 -0600,79a564d773fd948ccde82374a4357b6f21ea22a1,ND,38095,2,2022-11-09T01:00:00.000Z,FIPSCode,38095,0,2022-11-12T16:51:57.007Z,3,98.95,3,100,40775,557,65.76,41412,290,34.24,856,99,847,1607,3,3
1668272573,2022-11-12 11:02:53 -0600,019d7c50d261bda13daa50a7d716f4fd74d136ba,ND,38095,2,2022-11-09T01:00:00.000Z,FIPSCode,38095,0,2022-11-12T16:51:57.007Z,3,98.95,3,100,40775,557,65.76,41412,290,34.24,856,99,847,1607,3,3
1668272858,2022-11-12 11:07:38 -0600,fae09c850217761266de6df71f0d9d4daa95eb99,ND,38095,2,2022-11-09T01:00:00.000Z,FIPSCode,38095,0,2022-11-12T16:51:57.007Z,3,98.95,3,100,40775,557,65.76,41412,290,34.24,856,99,847,1607,3,3
1668273106,2022-11-12 11:11:46 -0600,2a322070662676fedbbb43eb25d91ea3997f4bf3,ND,38095,2,2022-11-09T01:00:00.000Z,FIPSCode,38095,0,2022-11-12T17:10:34.078Z,3,98.95,3,100,40775,557,65.76,41412,290,34.24,856,99,847,1607,3,3
1668273475,2022-11-12 11:17:55 -0600,456d143a11182b5711a66bcba002ab1a66916239,ND,38095,2,2022-11-09T01:00:00.000Z,FIPSCode,38095,0,2022-11-12T17:16:51.689Z,3,98.95,3,100,40775,557,65.76,41412,290,34.24,856,99,847,1607,3,3
1668273722,2022-11-12 11:22:02 -0600,e64cf7dd0b947849acd1ec5f59a8694d3fec21fb,ND,38095,2,2022-11-09T01:00:00.000Z,FIPSCode,38095,0,2022-11-12T17:16:51.689Z,3,98.95,3,100,40775,557,65.76,41412,290,34.24,856,99,847,1607,3,3
1668274090,2022-11-12 11:28:10 -0600,5dedc23aefa73a8a583dcb3de420209e2221b8ac,ND,38095,2,2022-11-09T01:00:00.000Z,FIPSCode,38095,0,2022-11-12T17:27:11.987Z,3,98.95,3,100,40775,557,65.76,41412,290,34.24,856,99,847,1607,3,3
1668274336,2022-11-12 11:32:16 -0600,df08d786789e64d5dc792d1a22740e864038c6e9,ND,38095,2,2022-11-09T01:00:00.000Z,FIPSCode,38095,0,2022-11-12T17:31:30.248Z,3,98.95,3,100,40775,557,65.76,41412,290,34.24,856,99,847,1607,3,3
1668274583,2022-11-12 11:36:23 -0600,526d4d8cc3a9d27059eec6aff67b4d5af990c193,ND,38095,2,2022-11-09T01:00:00.000Z,FIPSCode,38095,0,2022-11-12T17:31:30.248Z,3,98.95,3,100,40775,557,65.76,41412,290,34.24,856,99,847,1607,3,3
1668274956,2022-11-12 11:42:36 -0600,704ec98d35b2f7ac10a5e2b3157e852384436228,ND,38095,2,2022-11-09T01:00:00.000Z,FIPSCode,38095,0,2022-11-12T17:31:30.248Z,3,98.95,3,100,40775,557,65.76,41412,290,34.24,856,99,847,1607,3,3
1668275293,2022-11-12 11:48:13 -0600,dbda6b72b4c8ff6408572b68b27e49f863df5e5c,ND,38095,2,2022-11-09T01:00:00.000Z,FIPSCode,38095,0,2022-11-12T17:31:30.248Z,3,98.95,3,100,40775,557,65.76,41412,290,34.24,856,99,847,1607,3,3
1668275585,2022-11-12 11:53:05 -0600,f9273b167a3f7ba29c50f58e2393c9dcf4028aec,ND,38095,2,2022-11-09T01:00:00.000Z,FIPSCode,38095,0,2022-11-12T17:31:30.248Z,3,98.95,3,100,40775,557,65.76,41412,290,34.24,856,99,847,1607,3,3
1668275838,2022-11-12 11:57:18 -0600,7489ac6f0f911dfb77505bd2e645108a9797c000,ND,38095,2,2022-11-09T01:00:00.000Z,FIPSCode,38095,0,2022-11-12T17:31:30.248Z,3,98.95,3,100,40775,557,65.76,41412,290,34.24,856,99,847,1607,3,3
1668276091,2022-11-12 12:01:31 -0600,a099349b2d44255f7092956d2f5dc58f6cf538f4,ND,38095,2,2022-11-09T01:00:00.000Z,FIPSCode,38095,0,2022-11-12T18:00:34.819Z,3,98.95,3,100,40775,557,65.76,41412,290,34.24,856,99,847,1607,3,3
1668276459,2022-11-12 12:07:39 -0600,b5a968168cc46b412892a94715ec7d8e0be4bbde,ND,38095,2,2022-11-09T01:00:00.000Z,FIPSCode,38095,0,2022-11-12T18:00:34.819Z,3,98.95,3,100,40775,557,65.76,41412,290,34.24,856,99,847,1607,3,3
1668276708,2022-11-12 12:11:48 -0600,ada5ebe9f1fe0f64808df1617b2dd6a8487800de,ND,38095,2,2022-11-09T01:00:00.000Z,FIPSCode,38095,0,2022-11-12T18:10:56.969Z,3,98.95,3,100,40775,557,65.76,41412,290,34.24,856,99,847,1607,3,3
1668277077,2022-11-12 12:17:57 -0600,66f12ace7b647be252dd8c975ef2b565d84d2a8c,ND,38095,2,2022-11-09T01:00:00.000Z,FIPSCode,38095,0,2022-11-12T18:17:15.708Z,3,98.95,3,100,40775,557,65.76,41412,290,34.24,856,99,847,1607,3,3
1668277362,2022-11-12 12:22:42 -0600,6fc7b4748fe2ad415c976313faab5028a8be19a6,ND,38095,2,2022-11-09T01:00:00.000Z,FIPSCode,38095,0,2022-11-12T18:21:32.195Z,3,98.95,3,100,40775,557,65.76,41412,290,34.24,856,99,847,1607,3,3
1668277603,2022-11-12 12:26:43 -0600,568679f5930c665c056c6478f6ef5d5a4a5d232d,ND,38095,2,2022-11-09T01:00:00.000Z,FIPSCode,38095,0,2022-11-12T18:21:32.195Z,3,98.95,3,100,40775,557,65.76,41412,290,34.24,856,99,847,1607,3,3
1668277963,2022-11-12 12:32:43 -0600,295178e79369a6e0d16f4a824a8a2c2a62f7a0b4,ND,38095,2,2022-11-09T01:00:00.000Z,FIPSCode,38095,0,2022-11-12T18:21:32.195Z,3,98.95,3,100,40775,557,65.76,41412,290,34.24,856,99,847,1607,3,3
1668278205,2022-11-12 12:36:45 -0600,a160ad3ff3f2889a71559043affbf1815d16a84b,ND,38095,2,2022-11-09T01:00:00.000Z,FIPSCode,38095,0,2022-11-12T18:36:10.783Z,3,98.95,3,100,40775,557,65.76,41412,290,34.24,856,99,847,1607,3,3
1668278445,2022-11-12 12:40:45 -0600,006079d77ec57953973b68669888e10f8f91533d,ND,38095,2,2022-11-09T01:00:00.000Z,FIPSCode,38095,0,2022-11-12T18:36:10.783Z,3,98.95,3,100,40775,557,65.76,41412,290,34.24,856,99,847,1607,3,3
1668278843,2022-11-12 12:47:23 -0600,c97e9119aef840398327d6de17da6201fe76bd0c,ND,38095,2,2022-11-09T01:00:00.000Z,FIPSCode,38095,0,2022-11-12T18:46:30.096Z,3,98.95,3,100,40775,557,65.76,41412,290,34.24,856,99,847,1607,3,3
1668279122,2022-11-12 12:52:02 -0600,203fdead8d13c62fdbc2dc30ed21ed5ef24acf68,ND,38095,2,2022-11-09T01:00:00.000Z,FIPSCode,38095,0,2022-11-12T18:46:30.096Z,3,98.95,3,100,40775,557,65.76,41412,290,34.24,856,99,847,1607,3,3
1668279482,2022-11-12 12:58:02 -0600,6fc5831d9b99f412b7f11be989c16b2e3bb43cf1,ND,38095,2,2022-11-09T01:00:00.000Z,FIPSCode,38095,0,2022-11-12T18:46:30.096Z,3,98.95,3,100,40775,557,65.76,41412,290,34.24,856,99,847,1607,3,3
1668279723,2022-11-12 13:02:03 -0600,c779598d0943f051f9b564a9641da3c4ee39fa46,ND,38095,2,2022-11-09T01:00:00.000Z,FIPSCode,38095,0,2022-11-12T18:46:30.096Z,3,98.95,3,100,40775,557,65.76,41412,290,34.24,856,99,847,1607,3,3
1668279963,2022-11-12 13:06:03 -0600,53fdf359c953f7234fb24af034d065b5b04240ac,ND,38095,2,2022-11-09T01:00:00.000Z,FIPSCode,38095,0,2022-11-12T19:05:24.814Z,3,98.95,3,100,40775,557,65.76,41412,290,34.24,856,99,847,1607,3,3
1668280366,2022-11-12 13:12:46 -0600,48c024f014f59357945896ad094a065372df3b1f,ND,38095,2,2022-11-09T01:00:00.000Z,FIPSCode,38095,0,2022-11-12T19:11:41.653Z,3,98.95,3,100,40775,557,65.76,41412,290,34.24,856,99,847,1607,3,3
1668280608,2022-11-12 13:16:48 -0600,a07f60b63dbc45028e14ef446b52f6e99d497e7d,ND,38095,2,2022-11-09T01:00:00.000Z,FIPSCode,38095,0,2022-11-12T19:11:41.653Z,3,98.95,3,100,40775,557,65.76,41412,290,34.24,856,99,847,1607,3,3
1668280976,2022-11-12 13:22:56 -0600,cee1ee6096374861908cf596354e3c5451f3c2aa,ND,38095,2,2022-11-09T01:00:00.000Z,FIPSCode,38095,0,2022-11-12T19:11:41.653Z,3,98.95,3,100,40775,557,65.76,41412,290,34.24,856,99,847,1607,3,3
1668281223,2022-11-12 13:27:03 -0600,4767bf1612c29e0aaea44640411be80be4daa208,ND,38095,2,2022-11-09T01:00:00.000Z,FIPSCode,38095,0,2022-11-12T19:26:17.625Z,3,98.95,3,100,40775,557,65.76,41412,290,34.24,856,99,847,1607,3,3
1668281470,2022-11-12 13:31:10 -0600,713d1957820728abf857e89e5ebc52e6afae07a3,ND,38095,2,2022-11-09T01:00:00.000Z,FIPSCode,38095,0,2022-11-12T19:30:20.099Z,3,98.95,3,100,40775,557,65.76,41412,290,34.24,856,99,847,1607,3,3
1668281840,2022-11-12 13:37:20 -0600,56fbdf752a362d2c91f8c447cb2fd16d416c59c3,ND,38095,2,2022-11-09T01:00:00.000Z,FIPSCode,38095,0,2022-11-12T19:30:20.099Z,3,98.95,3,100,40775,557,65.76,41412,290,34.24,856,99,847,1607,3,3
1668282125,2022-11-12 13:42:05 -0600,cb649268145f2114e70ffa7f6ffa98998e85f97f,ND,38095,2,2022-11-09T01:00:00.000Z,FIPSCode,38095,0,2022-11-12T19:30:20.099Z,3,98.95,3,100,40775,557,65.76,41412,290,34.24,856,99,847,1607,3,3
1668282491,2022-11-12 13:48:11 -0600,2c3e41c23aea74df75637613a6c5a0607a7f7e71,ND,38095,2,2022-11-09T01:00:00.000Z,FIPSCode,38095,0,2022-11-12T19:30:20.099Z,3,98.95,3,100,40775,557,65.76,41412,290,34.24,856,99,847,1607,3,3
1668282739,2022-11-12 13:52:19 -0600,ebcfe9a69dd8446d12b19c4d7b6549063fb0cf7f,ND,38095,2,2022-11-09T01:00:00.000Z,FIPSCode,38095,0,2022-11-12T19:30:20.099Z,3,98.95,3,100,40775,557,65.76,41412,290,34.24,856,99,847,1607,3,3
1668282988,2022-11-12 13:56:28 -0600,65478bfa175c6d81c55c06709c9007363bfede11,ND,38095,2,2022-11-09T01:00:00.000Z,FIPSCode,38095,0,2022-11-12T19:30:20.099Z,3,98.95,3,100,40775,557,65.76,41412,290,34.24,856,99,847,1607,3,3
1668283364,2022-11-12 14:02:44 -0600,0fb35ed9ea423af5344ac8e83a6fed3d562d3891,ND,38095,2,2022-11-09T01:00:00.000Z,FIPSCode,38095,0,2022-11-12T20:01:35.865Z,3,98.95,3,100,40775,557,65.76,41412,290,34.24,856,99,847,1607,3,3
1668283616,2022-11-12 14:06:56 -0600,7cc88cf33072f601ec74dcba567cff4f75b082a3,ND,38095,2,2022-11-09T01:00:00.000Z,FIPSCode,38095,0,2022-11-12T20:01:35.865Z,3,98.95,3,100,40775,557,65.76,41412,290,34.24,856,99,847,1607,3,3
1668283986,2022-11-12 14:13:06 -0600,c71c1ae034e0a75af126ea3bd8311eabcdec545d,ND,38095,2,2022-11-09T01:00:00.000Z,FIPSCode,38095,0,2022-11-12T20:12:09.694Z,3,98.95,3,100,40775,557,65.76,41412,290,34.24,856,99,847,1607,3,3
1668284229,2022-11-12 14:17:09 -0600,50548b3be32f9ffa82c721a035c8002c9a56bc80,ND,38095,2,2022-11-09T01:00:00.000Z,FIPSCode,38095,0,2022-11-12T20:12:09.694Z,3,98.95,3,100,40775,557,65.76,41412,290,34.24,856,99,847,1607,3,3
1668284472,2022-11-12 14:21:12 -0600,d6d17799e8ff7b58321c7ac1089d3ab0bc6ab22f,ND,38095,2,2022-11-09T01:00:00.000Z,FIPSCode,38095,0,2022-11-12T20:12:09.694Z,3,98.95,3,100,40775,557,65.76,41412,290,34.24,856,99,847,1607,3,3
1668284873,2022-11-12 14:27:53 -0600,190c79a44e4617af0e78606f47fde1b95a39f0ee,ND,38095,2,2022-11-09T01:00:00.000Z,FIPSCode,38095,0,2022-11-12T20:26:46.256Z,3,98.95,3,100,40775,557,65.76,41412,290,34.24,856,99,847,1607,3,3
1668285077,2022-11-12 14:31:17 -0600,645537ac67659466c62267ec4a239f14a069ecb6,ND,38095,2,2022-11-09T01:00:00.000Z,FIPSCode,38095,0,2022-11-12T20:26:46.256Z,3,98.95,3,100,40775,557,65.76,41412,290,34.24,856,99,847,1607,3,3
1668285119,2022-11-12 14:31:59 -0600,d67aaf7646748e1d534aff95415a051c1153b2a8,ND,38095,2,2022-11-09T01:00:00.000Z,FIPSCode,38095,0,2022-11-12T20:30:47.978Z,3,98.95,3,100,40775,557,65.76,41412,290,34.24,856,99,847,1607,3,3
1668285493,2022-11-12 14:38:13 -0600,facd31457b077148cbdc9630ebcfc639910024f5,ND,38095,2,2022-11-09T01:00:00.000Z,FIPSCode,38095,0,2022-11-12T20:30:47.978Z,3,98.95,3,100,40775,557,65.76,41412,290,34.24,856,99,847,1607,3,3
1668285737,2022-11-12 14:42:17 -0600,294a29c05630e302adce868207cfe9c7ae25d2f9,ND,38095,2,2022-11-09T01:00:00.000Z,FIPSCode,38095,0,2022-11-12T20:30:47.978Z,3,98.95,3,100,40775,557,65.76,41412,290,34.24,856,99,847,1607,3,3
1668285979,2022-11-12 14:46:19 -0600,839ec800bda89ddea350e022c0dad9814cbcf5c6,ND,38095,2,2022-11-09T01:00:00.000Z,FIPSCode,38095,0,2022-11-12T20:45:24.227Z,3,98.95,3,100,40775,557,65.76,41412,290,34.24,856,99,847,1607,3,3
1668286351,2022-11-12 14:52:31 -0600,05085ccb204b9829202651d3f2b5c601dd182e70,ND,38095,2,2022-11-09T01:00:00.000Z,FIPSCode,38095,0,2022-11-12T20:45:24.227Z,3,98.95,3,100,40775,557,65.76,41412,290,34.24,856,99,847,1607,3,3
1668286609,2022-11-12 14:56:49 -0600,32dad2d7dd477352b30517a034a9d744ccdc407f,ND,38095,2,2022-11-09T01:00:00.000Z,FIPSCode,38095,0,2022-11-12T20:55:43.608Z,3,98.95,3,100,40775,557,65.76,41412,290,34.24,856,99,847,1607,3,3
1668286980,2022-11-12 15:03:00 -0600,5e2801a448e713cefcbfa4dbc5eedc5d32cc4652,ND,38095,2,2022-11-09T01:00:00.000Z,FIPSCode,38095,0,2022-11-12T21:02:01.784Z,3,98.95,3,100,40775,557,65.76,41412,290,34.24,856,99,847,1607,3,3
1668287264,2022-11-12 15:07:44 -0600,3cceaf5d1d202b8feaa0840c04d228b647469ff1,ND,38095,2,2022-11-09T01:00:00.000Z,FIPSCode,38095,0,2022-11-12T21:06:18.232Z,3,98.95,3,100,40775,557,65.76,41412,290,34.24,856,99,847,1607,3,3
1668287466,2022-11-12 15:11:06 -0600,ed1a21069b64cc72bb0488294e8d98783bfe43d0,ND,38095,2,2022-11-09T01:00:00.000Z,FIPSCode,38095,0,2022-11-12T21:06:18.232Z,3,98.95,3,100,40775,557,65.76,41412,290,34.24,856,99,847,1607,3,3
1668287833,2022-11-12 15:17:13 -0600,082e4609a79504d8a7a5abae6aeb7ff645dc5d6a,ND,38095,2,2022-11-09T01:00:00.000Z,FIPSCode,38095,0,2022-11-12T21:06:18.232Z,3,98.95,3,100,40775,557,65.76,41412,290,34.24,856,99,847,1607,3,3
1668288127,2022-11-12 15:22:07 -0600,e6c8e8835a172e6aa5c64872e5eddf68a0651680,ND,38095,2,2022-11-09T01:00:00.000Z,FIPSCode,38095,0,2022-11-12T21:06:18.232Z,3,98.95,3,100,40775,557,65.76,41412,290,34.24,856,99,847,1607,3,3
1668288499,2022-11-12 15:28:19 -0600,a67dc085ab037258316ca92cd347a36d2d2e9ef4,ND,38095,2,2022-11-09T01:00:00.000Z,FIPSCode,38095,0,2022-11-12T21:06:18.232Z,3,98.95,3,100,40775,557,65.76,41412,290,34.24,856,99,847,1607,3,3
1668288744,2022-11-12 15:32:24 -0600,03d90a10184177a3137784425f667e930531dcda,ND,38095,2,2022-11-09T01:00:00.000Z,FIPSCode,38095,0,2022-11-12T21:06:18.232Z,3,98.95,3,100,40775,557,65.76,41412,290,34.24,856,99,847,1607,3,3
1668288991,2022-11-12 15:36:31 -0600,fde9a1d25ee73ff1556410d28ced4f8c6cc061af,ND,38095,2,2022-11-09T01:00:00.000Z,FIPSCode,38095,0,2022-11-12T21:35:32.085Z,3,98.95,3,100,40775,557,65.76,41412,290,34.24,856,99,847,1607,3,3
1668289363,2022-11-12 15:42:43 -0600,52a7495f8cec74388ff5168da372b031ef795083,ND,38095,2,2022-11-09T01:00:00.000Z,FIPSCode,38095,0,2022-11-12T21:41:51.840Z,3,98.95,3,100,40775,557,65.76,41412,290,34.24,856,99,847,1607,3,3
1668289612,2022-11-12 15:46:52 -0600,013307158fdbff06eba815ab8ad88116daecb28c,ND,38095,2,2022-11-09T01:00:00.000Z,FIPSCode,38095,0,2022-11-12T21:45:54.238Z,3,98.95,3,100,40775,557,65.76,41412,290,34.24,856,99,847,1607,3,3
1668289981,2022-11-12 15:53:01 -0600,3564bbecfd940398fca0d6c1401ba8f505bdd1d9,ND,38095,2,2022-11-09T01:00:00.000Z,FIPSCode,38095,0,2022-11-12T21:45:54.238Z,3,98.95,3,100,40775,557,65.76,41412,290,34.24,856,99,847,1607,3,3
1668290227,2022-11-12 15:57:07 -0600,58ef347cfdeb7854cd08a0560effa5e226073f94,ND,38095,2,2022-11-09T01:00:00.000Z,FIPSCode,38095,0,2022-11-12T21:45:54.238Z,3,98.95,3,100,40775,557,65.76,41412,290,34.24,856,99,847,1607,3,3
1668290471,2022-11-12 16:01:11 -0600,64105f447d683ddf1509f081fab696e4667838f2,ND,38095,2,2022-11-09T01:00:00.000Z,FIPSCode,38095,0,2022-11-12T22:00:32.891Z,3,98.95,3,100,40775,557,65.76,41412,290,34.24,856,99,847,1607,3,3
1668290839,2022-11-12 16:07:19 -0600,9c89f3621ceb24d11d8f14074e8b92c420c1560a,ND,38095,2,2022-11-09T01:00:00.000Z,FIPSCode,38095,0,2022-11-12T22:00:32.891Z,3,98.95,3,100,40775,557,65.76,41412,290,34.24,856,99,847,1607,3,3
1668291127,2022-11-12 16:12:07 -0600,6c4661ebcb3edda1fdeb61093b20a846712c489c,ND,38095,2,2022-11-09T01:00:00.000Z,FIPSCode,38095,0,2022-11-12T22:00:32.891Z,3,98.95,3,100,40775,557,65.76,41412,290,34.24,856,99,847,1607,3,3
1668291496,2022-11-12 16:18:16 -0600,98f212cc206220af03615af73030addbc8a8a9cb,ND,38095,2,2022-11-09T01:00:00.000Z,FIPSCode,38095,0,2022-11-12T22:17:09.838Z,3,98.95,3,100,40775,557,65.76,41412,290,34.24,856,99,847,1607,3,3
1668291743,2022-11-12 16:22:23 -0600,a5a0bb10d06b1c2a2f95039f342ee47725e4d9e1,ND,38095,2,2022-11-09T01:00:00.000Z,FIPSCode,38095,0,2022-11-12T22:17:09.838Z,3,98.95,3,100,40775,557,65.76,41412,290,34.24,856,99,847,1607,3,3
1668291993,2022-11-12 16:26:33 -0600,c39eadbfd0fada4189d4deb9fc780007aacdfebc,ND,38095,2,2022-11-09T01:00:00.000Z,FIPSCode,38095,0,2022-11-12T22:25:28.819Z,3,98.95,3,100,40775,557,65.76,41412,290,34.24,856,99,847,1607,3,3
1668292362,2022-11-12 16:32:42 -0600,8dae3b8aece79e326ca407808df273c4ef703623,ND,38095,2,2022-11-09T01:00:00.000Z,FIPSCode,38095,0,2022-11-12T22:31:46.959Z,3,98.95,3,100,40775,557,65.76,41412,290,34.24,856,99,847,1607,3,3
1668292608,2022-11-12 16:36:48 -0600,b28cce3a133b24e10457712530100c045f774b56,ND,38095,2,2022-11-09T01:00:00.000Z,FIPSCode,38095,0,2022-11-12T22:36:03.792Z,3,98.95,3,100,40775,557,65.76,41412,290,34.24,856,99,847,1607,3,3
1668292981,2022-11-12 16:43:01 -0600,8e8bf537d273eaa1cb049d2ee7d44ae1f89c5293,ND,38095,2,2022-11-09T01:00:00.000Z,FIPSCode,38095,0,2022-11-12T22:36:03.792Z,3,98.95,3,100,40775,557,65.76,41412,290,34.24,856,99,847,1607,3,3
1668293227,2022-11-12 16:47:07 -0600,18a7fb790b9e5b65c3971c1e7f63130150491ca1,ND,38095,2,2022-11-09T01:00:00.000Z,FIPSCode,38095,0,2022-11-12T22:36:03.792Z,3,98.95,3,100,40775,557,65.76,41412,290,34.24,856,99,847,1607,3,3
1668293474,2022-11-12 16:51:14 -0600,e34bba45c09fc554b7b0049ccb0aa9f79bd3a914,ND,38095,2,2022-11-09T01:00:00.000Z,FIPSCode,38095,0,2022-11-12T22:36:03.792Z,3,98.95,3,100,40775,557,65.76,41412,290,34.24,856,99,847,1607,3,3
1668293848,2022-11-12 16:57:28 -0600,14895527c8f084c29b0c03726342cfa3b9168678,ND,38095,2,2022-11-09T01:00:00.000Z,FIPSCode,38095,0,2022-11-12T22:36:03.792Z,3,98.95,3,100,40775,557,65.76,41412,290,34.24,856,99,847,1607,3,3
1668294098,2022-11-12 17:01:38 -0600,a68d5694b3d9cd24b1e3f5ef130279dd07060942,ND,38095,2,2022-11-09T01:00:00.000Z,FIPSCode,38095,0,2022-11-12T22:36:03.792Z,3,98.95,3,100,40775,557,65.76,41412,290,34.24,856,99,847,1607,3,3
1668294512,2022-11-12 17:08:32 -0600,bc0ac849bd48f58c9083514585c75cea14373b72,ND,38095,2,2022-11-09T01:00:00.000Z,FIPSCode,38095,0,2022-11-12T22:36:03.792Z,3,98.95,3,100,40775,557,65.76,41412,290,34.24,856,99,847,1607,3,3
1668294719,2022-11-12 17:11:59 -0600,e215a9fe20eb78745ae798d66e5ffaaed75c82f7,ND,38095,2,2022-11-09T01:00:00.000Z,FIPSCode,38095,0,2022-11-12T22:36:03.792Z,3,98.95,3,100,40775,557,65.76,41412,290,34.24,856,99,847,1607,3,3
1668295009,2022-11-12 17:16:49 -0600,549772440fd8bf35d9341c6734bf9f028fbf8c8e,ND,38095,2,2022-11-09T01:00:00.000Z,FIPSCode,38095,0,2022-11-12T22:36:03.792Z,3,98.95,3,100,40775,557,65.76,41412,290,34.24,856,99,847,1607,3,3
1668295381,2022-11-12 17:23:01 -0600,cc7ae245ad6b906adc67dd36f858144d0dc59323,ND,38095,2,2022-11-09T01:00:00.000Z,FIPSCode,38095,0,2022-11-12T23:21:54.403Z,3,98.95,3,100,40775,557,65.76,41412,290,34.24,856,99,847,1607,3,3
1668295629,2022-11-12 17:27:09 -0600,f876481b6dd4a7657368aab496659ddf3dfeb490,ND,38095,2,2022-11-09T01:00:00.000Z,FIPSCode,38095,0,2022-11-12T23:21:54.403Z,3,98.95,3,100,40775,557,65.76,41412,290,34.24,856,99,847,1607,3,3
1668295965,2022-11-12 17:32:45 -0600,dec540dee4377a25ee2ffd55edf8069f21d1f5db,ND,38095,2,2022-11-09T01:00:00.000Z,FIPSCode,38095,0,2022-11-12T23:21:54.403Z,3,98.95,3,100,40775,557,65.76,41412,290,34.24,856,99,847,1607,3,3
1668296262,2022-11-12 17:37:42 -0600,3f1a2cdaf5c202c5bf54cd2ea0723b3eefc80ddf,ND,38095,2,2022-11-09T01:00:00.000Z,FIPSCode,38095,0,2022-11-12T23:21:54.403Z,3,98.95,3,100,40775,557,65.76,41412,290,34.24,856,99,847,1607,3,3
1668296471,2022-11-12 17:41:11 -0600,d6608fafcbb5a2c9334ff528cd54873d47e0adae,ND,38095,2,2022-11-09T01:00:00.000Z,FIPSCode,38095,0,2022-11-12T23:21:54.403Z,3,98.95,3,100,40775,557,65.76,41412,290,34.24,856,99,847,1607,3,3
1668296859,2022-11-12 17:47:39 -0600,dce3bae7a1ec088b9b125ac45664a014845f52d4,ND,38095,2,2022-11-09T01:00:00.000Z,FIPSCode,38095,0,2022-11-12T23:21:54.403Z,3,98.95,3,100,40775,557,65.76,41412,290,34.24,856,99,847,1607,3,3
1668297191,2022-11-12 17:53:11 -0600,ad110933d5180f0b93e45efb1c3f349ab053a348,ND,38095,2,2022-11-09T01:00:00.000Z,FIPSCode,38095,0,2022-11-12T23:21:54.403Z,3,98.95,3,100,40775,557,65.76,41412,290,34.24,856,99,847,1607,3,3
1668297488,2022-11-12 17:58:08 -0600,03e8a9255326f25429117472be1617ce630e7903,ND,38095,2,2022-11-09T01:00:00.000Z,FIPSCode,38095,0,2022-11-12T23:57:23.104Z,3,98.95,3,100,40775,557,65.76,41412,290,34.24,856,99,847,1607,3,3
1668297743,2022-11-12 18:02:23 -0600,ccbac2c91904510ca0dd7c987fe5613e00db1251,ND,38095,2,2022-11-09T01:00:00.000Z,FIPSCode,38095,0,2022-11-12T23:57:23.104Z,3,98.95,3,100,40775,557,65.76,41412,290,34.24,856,99,847,1607,3,3
1668297994,2022-11-12 18:06:34 -0600,3d2d56d51d067d9d4271e234e5f3ca9dd20f36c5,ND,38095,2,2022-11-09T01:00:00.000Z,FIPSCode,38095,0,2022-11-12T23:57:23.104Z,3,98.95,3,100,40775,557,65.76,41412,290,34.24,856,99,847,1607,3,3
1668298372,2022-11-12 18:12:52 -0600,feb9f5db2a8112bfa22cdaeb546a250fcadb2b81,ND,38095,2,2022-11-09T01:00:00.000Z,FIPSCode,38095,0,2022-11-13T00:12:00.391Z,3,98.95,3,100,40775,557,65.76,41412,290,34.24,856,99,847,1607,3,3
1668298625,2022-11-12 18:17:05 -0600,495bc18dee7382117189dcbe3ca716eb7fecfbfd,ND,38095,2,2022-11-09T01:00:00.000Z,FIPSCode,38095,0,2022-11-13T00:16:01.128Z,3,98.95,3,100,40775,557,65.76,41412,290,34.24,856,99,847,1607,3,3
1668298876,2022-11-12 18:21:16 -0600,b8966f1659ea9235a51f04304eb5651af7ab4a86,ND,38095,2,2022-11-09T01:00:00.000Z,FIPSCode,38095,0,2022-11-13T00:20:18.075Z,3,98.95,3,100,40775,557,65.76,41412,290,34.24,856,99,847,1607,3,3
1668299249,2022-11-12 18:27:29 -0600,cdcf5b2722f4f5a12974151e4ffb7503fc2dd992,ND,38095,2,2022-11-09T01:00:00.000Z,FIPSCode,38095,0,2022-11-13T00:26:39.846Z,3,98.95,3,100,40775,557,65.76,41412,290,34.24,856,99,847,1607,3,3
1668299498,2022-11-12 18:31:38 -0600,c7be17d6ac50b42514b86e1d0de2d1544c8226f7,ND,38095,2,2022-11-09T01:00:00.000Z,FIPSCode,38095,0,2022-11-13T00:26:39.846Z,3,98.95,3,100,40775,557,65.76,41412,290,34.24,856,99,847,1607,3,3
1668700524,2022-11-17 09:55:24 -0600,626cce4f59cf909c3a49ae36fa2e780349403420,ND,38095,2,2022-11-09T01:00:00.000Z,FIPSCode,38095,0,2022-11-13T00:26:39.846Z,3,98.95,3,100,40775,557,65.76,41412,290,34.24,856,99,847,1607,3,3
1668700565,2022-11-17 09:56:05 -0600,0704cbb9b6ee0b39beedb643c43aa55baf622f94,ND,38095,2,2022-11-09T01:00:00.000Z,FIPSCode,38095,0,2022-11-13T00:26:39.846Z,3,98.95,3,100,40775,557,65.76,41412,290,34.24,856,99,847,1607,3,3
1668700610,2022-11-17 09:56:50 -0600,89ceda2e917606ad2e570ef4d2d4484a061a76c5,ND,38095,2,2022-11-09T01:00:00.000Z,FIPSCode,38095,0,2022-11-17T15:56:30.056Z,3,98.95,3,100,40775,557,65.76,41412,290,34.24,856,99,847,1607,3,3
1668700679,2022-11-17 09:57:59 -0600,68b905e1063e31cda8ed279ac15d1c3348372132,ND,38095,2,2022-11-09T01:00:00.000Z,FIPSCode,38095,0,2022-11-17T15:56:30.056Z,3,98.95,3,100,40775,557,65.76,41412,290,34.24,856,99,847,1607,3,3
1669649215,2022-11-28 09:26:55 -0600,d894efd34819969fab800352eeb278eb81e8d811,ND,38095,2,2022-11-09T01:00:00.000Z,FIPSCode,38095,0,2022-11-17T15:56:30.056Z,3,98.95,3,100,40775,557,65.76,41412,290,34.24,856,99,847,1607,3,3
1669649357,2022-11-28 09:29:17 -0600,b700469a8e8928a496b69efcebc774071daf10d5,ND,38095,2,2022-11-09T01:00:00.000Z,FIPSCode,38095,0,2022-11-28T15:26:23.314Z,3,99.65,3,100,40775,557,65.76,41412,290,34.24,850,100,847,1607,3,3
